0
1
2
3
5
7
11
13
17
19
23
29
31
37
41
43
47
53
59
61
67
71
73
79
83
89
97
101
103
107
109
113
127
131
137
139
149
151
157
163
167
173
179
181
191
193
197
199
211
0
1
223
2
3
5
7
227
11
13
17
19
229
23
29
31
37
41
43
47
53
59
61
67
71
73
79
83
89
97
101
103
107
109
113
127
131
137
139
233
239
241
251
257
263
269
271
277
281
283
293
307
311
313
317
331
337
347
349
353
359
367
373
379
383
389
397
401
409
419
421
431
433
439
443
449
457
461
463
467
479
487
491
499
503
509
521
523
541
547
557
563
569
571
577
587
593
599
601
607
613
617
619
631
641
643
647
653
659
661
673
677
683
691
701
709
719
727
733
739
743
751
757
761
769
773
787
797
809
811
821
823
827
829
839
853
857
859
863
877
881
883
887
907
911
919
929
937
941
947
953
967
971
977
983
991
997
1009
1013
1019
1021
1031
1033
1039
1049
1051
1061
1063
1069
1087
1091
1093
1097
1103
1109
1117
1123
1129
1151
1153
1163
1171
1181
1187
1193
1201
1213
1217
1223
1229
1231
1237
1249
1259
1277
1279
1283
1289
1291
1297
1301
1303
1307
1319
1321
1327
1361
1367
1373
1381
1399
1409
1423
1427
1429
1433
1439
1447
1451
1453
1459
1471
1481
1483
1487
1489
1493
1499
1511
1523
1531
1543
1549
1553
1559
1567
1571
1579
1583
1597
1601
1607
1609
1613
1619
1621
1627
1637
1657
1663
1667
1669
1693
1697
1699
1709
1721
1723
1733
1741
1747
1753
1759
1777
1783
1787
1789
1801
1811
1823
1831
1847
1861
1867
1871
1873
1877
1879
1889
1901
1907
1913
1931
1933
1949
1951
1973
1979
1987
1993
1997
1999
2003
2011
2017
2027
2029
2039
2053
2063
2069
2081
2083
2087
2089
2099
2111
2113
2129
2131
2137
2141
2143
2153
2161
2179
2203
2207
2213
2221
2237
2239
2243
2251
2267
2269
2273
2281
2287
2293
2297
2309
2311
2333
2339
2341
2347
2351
2357
2371
2377
2381
2383
2389
2393
2399
2411
2417
2423
2437
2441
2447
2459
2467
2473
2477
2503
2521
2531
2539
2543
2549
2551
2557
2579
2591
2593
2609
2617
2621
2633
2647
2657
2659
2663
2671
2677
2683
2687
2689
2693
2699
2707
2711
2713
2719
2729
2731
2741
2749
2753
2767
2777
2789
2791
2797
2801
2803
2819
2833
2837
2843
2851
2857
2861
2879
2887
2897
149
151
157
163
167
173
179
181
191
193
197
199
2903
211
223
227
229
233
239
241
251
257
2909
263
269
271
277
281
283
293
307
2917
311
313
317
331
337
347
349
2927
353
359
367
373
379
383
389
2939
397
401
409
419
421
431
2953
433
439
443
449
457
461
2957
463
467
479
487
491
2963
499
503
509
521
523
2969
541
547
557
563
569
2971
571
577
587
593
599
2999
601
607
613
617
3001
619
631
641
3011
643
647
653
659
3019
661
673
677
683
3023
691
701
709
719
3037
727
733
739
743
3041
751
757
761
3049
769
773
787
797
3061
809
811
821
3067
823
827
829
839
3079
853
857
859
3083
863
877
881
3089
883
887
907
911
3109
919
929
937
3119
941
947
953
3121
967
971
977
3137
983
991
997
3163
1009
1013
1019
3167
1021
1031
1033
3169
1039
1049
1051
3181
1061
1063
1069
3187
1087
3191
3203
1091
1093
3209
1097
1103
1109
3217
1117
1123
3221
1129
1151
1153
3229
1163
1171
1181
3251
1187
1193
3253
1201
1213
1217
3257
1223
1229
3259
1231
1237
1249
3271
1259
1277
3299
1279
1283
1289
3301
1291
1297
3307
1301
1303
1307
3313
1319
1321
3319
1327
1361
3323
1367
1373
1381
3329
1399
1409
3331
1423
1427
3343
1429
1433
3347
1439
1447
1451
3359
1453
1459
3361
1471
1481
3371
1483
1487
3373
1489
1493
3389
1499
1511
3391
1523
1531
1543
3407
1549
1553
3413
1559
1567
3433
1571
1579
3449
1583
1597
3457
1601
1607
3461
1609
1613
3463
1619
1621
3467
1627
1637
3469
1657
1663
1667
3491
1669
3499
1693
1697
1699
3511
1709
3517
1721
1723
3527
1733
1741
3529
1747
1753
3533
1759
1777
3539
1783
1787
3541
1789
1801
3547
1811
1823
3557
1831
1847
3559
3571
1861
1867
3581
1871
1873
3583
1877
1879
3593
1889
3607
1901
1907
3613
1913
1931
3617
1933
1949
3623
1951
1973
3631
1979
3637
1987
1993
3643
1997
1999
3659
2003
2011
3671
2017
2027
3673
2029
3677
2039
2053
3691
2063
2069
3697
2081
2083
3701
2087
3709
2089
2099
3719
2111
2113
3727
2129
2131
3733
2137
3739
2141
2143
3761
2153
2161
3767
2179
3769
2203
2207
3779
2213
2221
3793
2237
3797
2239
2243
3803
2251
2267
3821
2269
3823
2273
2281
3833
2287
2293
3847
2297
3851
2309
2311
3853
2333
2339
3863
2341
3877
2347
2351
3881
2357
2371
3889
2377
3907
3911
3917
3919
3923
3929
3931
3943
3947
3967
3989
4001
4003
4007
4013
4019
4021
4027
4049
4051
4057
4073
4079
4091
4093
4099
4111
2381
2383
2389
2393
2399
2411
2417
2423
2437
2441
2447
2459
2467
2473
2477
2503
2521
2531
2539
2543
2549
2551
2557
2579
2591
2593
2609
2617
2621
2633
2647
2657
2659
2663
2671
2677
2683
2687
2689
2693
2699
2707
2711
2713
2719
2729
2731
2741
2749
2753
2767
4127
2777
2789
4129
2791
4133
2797
2801
4139
2803
4153
2819
2833
4157
2837
4159
2843
4177
2851
2857
4201
2861
4211
2879
2887
4217
2897
4219
2903
2909
4229
2917
4231
2927
2939
4241
2953
4243
2957
4253
2963
2969
4259
2971
4261
2999
3001
4271
4273
4283
4289
4297
4327
4337
4339
4349
4357
4363
4373
4391
4397
4409
4421
3011
3019
4423
3023
3037
4441
3041
3049
4447
4451
4457
4463
3061
4481
3067
4483
3079
4493
3083
3089
4507
3109
4513
3119
3121
4517
3137
4519
3163
3167
4523
3169
4547
3181
3187
4549
3191
4561
3203
3209
4567
3217
4583
3221
3229
4591
3251
4597
3253
3257
4603
3259
4621
3271
3299
4637
3301
4639
3307
3313
4643
3319
4649
3323
3329
4651
3331
4657
3343
3347
4663
4673
3359
3361
3371
4679
3373
4691
3389
3391
4703
4721
3407
3413
4723
3433
4729
3449
3457
4733
3461
4751
3463
3467
4759
3469
4783
3491
4787
3499
3511
4789
3517
4793
3527
3529
4799
3533
4801
3539
4813
3541
3547
4817
3557
4831
3559
3571
4861
3581
4871
3583
3593
4877
3607
4889
3613
3617
4903
3623
4909
3631
4919
3637
3643
4931
3659
3671
4933
3673
4937
3677
3691
4943
3697
4951
3701
4957
3709
3719
4967
3727
4969
4973
4987
4993
4999
5003
5009
3733
3739
5011
3761
5021
3767
5023
3769
5039
5051
3779
5059
3793
5077
3797
3803
5081
3821
5087
3823
5099
3833
3847
5101
3851
5107
3853
5113
3863
3877
5119
3881
5147
3889
3907
5153
3911
5167
3917
5171
3919
5179
3923
3929
5189
3931
5197
3943
5209
3947
3967
5227
3989
5231
4001
5233
4003
4007
5237
4013
5261
4019
5273
4021
5279
4027
4049
5281
4051
5297
4057
5303
4073
4079
5309
4091
5323
4093
5333
4099
5347
4111
4127
5351
4129
5381
4133
5387
4139
5393
4153
4157
5399
4159
5407
4177
5413
4201
5417
4211
4217
5419
4219
5431
4229
5437
4231
4241
5441
4243
5443
4253
5449
4259
5471
4261
4271
5477
4273
5479
4283
5483
4289
4297
5501
4327
5503
4337
5507
4339
5519
4349
5521
4357
4363
5527
4373
5531
4391
5557
4397
5563
4409
4421
5569
4423
5573
4441
5581
4447
5591
4451
4457
5623
4463
5639
4481
5641
4483
5647
4493
5651
4507
4513
5653
4517
5657
4519
5659
4523
5669
4547
4549
5683
4561
5689
4567
5693
4583
5701
4591
4597
5711
4603
5717
4621
5737
4637
5741
4639
5743
4643
4649
5749
4651
5779
4657
5783
4663
5791
4673
4679
5801
4691
5807
4703
5813
4721
5821
4723
5827
4729
4733
5839
4751
5843
4759
5849
4783
5851
4787
5857
4789
4793
5861
4799
5867
4801
5869
4813
5879
4817
4831
5881
4861
5897
4871
5903
4877
5923
4889
5927
4903
4909
5939
4919
5953
4931
5981
4933
5987
4937
6007
4943
4951
6011
4957
6029
4967
6037
4969
6043
4973
6047
4987
4993
6053
4999
6067
6073
5003
5009
6079
5011
6089
5021
6091
5023
6101
5039
5051
6113
5059
6121
5077
6131
5081
6133
5087
6143
5099
5101
6151
5107
6163
5113
6173
5119
6197
5147
6199
5153
5167
6203
5171
6211
5179
6217
5189
6221
5197
6229
5209
5227
6247
5231
6257
5233
6263
5237
6269
5261
6271
5273
6277
5279
5281
6287
5297
6299
5303
6301
5309
6311
5323
6317
5333
6323
5347
5351
6329
5381
6337
5387
6343
5393
6353
5399
6359
5407
6361
5413
5417
6367
5419
6373
5431
6379
5437
6389
5441
6397
5443
6421
5449
5471
6427
5477
6449
5479
6451
5483
6469
5501
6473
5503
5507
6481
5519
6491
5521
6521
5527
6529
5531
6547
5557
6551
5563
5569
6553
5573
6563
5581
6569
5591
6571
5623
6577
5639
6581
5641
6599
5647
5651
6607
5653
6619
5657
6637
5659
6653
5669
5683
6659
5689
6661
5693
6673
5701
6679
5711
6689
5717
6691
5737
5741
6701
5743
6703
5749
6709
5779
6719
5783
6733
5791
6737
5801
5807
6761
5813
6763
5821
6779
5827
6781
5839
6791
5843
6793
5849
6803
5851
6823
5857
5861
6827
5867
6829
5869
6833
5879
6841
5881
6857
5897
6863
5903
5923
6869
5927
6871
5939
6883
5953
6899
5981
6907
5987
6007
6911
6011
6917
6029
6947
6037
6949
6043
6959
6047
6961
6053
6067
6967
6073
6971
6079
6977
6089
6983
6091
6991
6101
6997
6113
7001
6121
6131
7013
6133
7019
6143
7027
6151
7039
6163
7043
6173
7057
6197
7069
6199
6203
7079
6211
7103
6217
7109
6221
7121
6229
7127
6247
7129
6257
7151
6263
6269
7159
6271
7177
6277
7187
6287
7193
6299
7207
6301
7211
6311
7213
6317
6323
7219
6329
7229
6337
7237
6343
7243
6353
7247
6359
7253
6361
7283
6367
7297
6373
6379
7307
6389
7309
6397
7321
6421
7331
6427
7333
6449
7349
6451
7351
6469
6473
7369
7393
6481
6491
7411
6521
7417
6529
7433
6547
7451
6551
7457
6553
7459
6563
7477
6569
7481
6571
6577
7487
6581
7489
6599
7499
6607
7507
6619
7517
6637
7523
6653
7529
6659
7537
6661
7541
6673
6679
7547
6689
7549
6691
7559
6701
7561
6703
7573
6709
7577
6719
7583
6733
7589
6737
6761
7591
6763
7603
6779
7607
6781
7621
6791
7639
6793
7643
6803
7649
6823
7669
6827
6829
7673
6833
7681
6841
7687
6857
7691
6863
7699
6869
7703
6871
7717
6883
7723
6899
7727
6907
6911
7741
6917
7753
6947
7757
6949
7759
6959
7789
6961
7793
6967
7817
6971
7823
6977
7829
6983
6991
7841
6997
7853
7001
7867
7013
7873
7019
7877
7027
7879
7039
7883
7901
7043
7057
7907
7069
7919
7079
7927
7103
7933
7109
7937
7121
7949
7127
7951
7129
7963
7151
7993
7159
8009
7177
8011
7187
7193
8017
7207
8039
7211
8053
7213
8059
7219
8069
7229
8081
7237
8087
7243
8089
7247
8093
7253
7283
8101
7297
8111
7307
8117
7309
8123
7321
8147
7331
8161
7333
8167
7349
8171
7351
7369
8179
7393
8191
7411
8209
7417
8219
7433
8221
7451
8231
7457
8233
7459
8237
7477
8243
7481
8263
7487
7489
8269
7499
8273
7507
8287
7517
8291
7523
8293
7529
8297
7537
8311
7541
8317
7547
7549
8329
7559
8353
7561
8363
7573
8369
7577
8377
7583
8387
7589
8389
7591
8419
8423
8429
8431
8443
8447
8461
8467
8501
8513
8521
7603
8527
7607
8537
7621
8539
7639
8543
7643
8563
7649
7669
8573
7673
8581
7681
8597
7687
8599
7691
8609
7699
8623
7703
8627
7717
8629
7723
7727
8641
7741
8647
7753
8663
7757
8669
7759
8677
7789
8681
7793
8689
7817
8693
7823
8699
7829
7841
8707
7853
8713
7867
8719
7873
8731
7877
8737
7879
8741
7883
8747
7901
8753
7907
8761
7919
7927
8779
7933
8783
7937
8803
7949
8807
7951
8819
7963
8821
7993
8831
8009
8837
8011
8839
8017
8849
8039
8861
8053
8059
8863
8069
8867
8081
8887
8087
8893
8089
8923
8093
8929
8101
8933
8111
8941
8117
8951
8123
8963
8147
8969
8161
8971
8167
8171
8999
8179
9001
8191
9007
8209
9011
8219
9013
8221
9029
8231
9041
8233
9043
8237
8243
9049
8263
9059
8269
9067
8273
9091
8287
9103
8291
9109
8293
9127
8297
8311
9133
8317
9137
8329
9151
8353
9157
8363
9161
8369
9173
8377
9181
8387
9187
8389
9199
8419
9203
8423
9209
8429
8431
9221
8443
9227
8447
9239
8461
9241
8467
9257
8501
9277
8513
9281
8521
9283
8527
9293
8537
9311
8539
9319
8543
8563
9323
8573
9337
8581
9341
8597
9343
8599
9349
8609
9371
8623
9377
8627
9391
8629
9397
8641
9403
8647
9413
8663
8669
9419
8677
9421
8681
9431
8689
9433
8693
9437
8699
9439
8707
9461
8713
9463
8719
9467
8731
9473
8737
9479
8741
9491
8747
8753
9497
8761
9511
8779
9521
8783
9533
8803
9539
8807
9547
8819
9551
8821
9587
8831
9601
8837
9613
8839
9619
8849
9623
8861
8863
9629
8867
9631
8887
9643
8893
9649
8923
9661
8929
9677
8933
9679
8941
9689
8951
9697
8963
9719
8969
9721
8971
9733
8999
9001
9739
9007
9743
9011
9749
9013
9767
9029
9769
9041
9781
9043
9787
9049
9791
9059
9803
9067
9811
9091
9817
9103
9829
9109
9833
9127
9839
9133
9851
9137
9151
9857
9157
9859
9161
9871
9173
9883
9181
9887
9187
9901
9199
9907
9203
9923
9209
9929
9221
9931
9227
9941
9239
9949
9241
9967
9257
9973
9277
9281
10007
9283
10009
9293
10037
9311
10039
9319
10061
9323
10067
9337
10069
9341
10079
9343
10091
9349
10093
9371
10099
9377
10103
9391
10111
9397
9403
10133
9413
10139
9419
10141
9421
10151
9431
10159
9433
10163
9437
10169
9439
10177
9461
10181
9463
10193
9467
10211
9473
10223
9479
9491
10243
9497
10247
9511
10253
9521
10259
9533
10267
9539
10271
9547
10273
9551
10289
9587
10301
9601
10303
9613
10313
9619
10321
9623
9629
10331
9631
10333
9643
10337
9649
10343
9661
10357
9677
10369
9679
10391
9689
10399
9697
10427
9719
10429
9721
10433
9733
10453
9739
10457
9743
10459
9749
9767
10463
9769
10477
9781
10487
9787
10499
9791
10501
9803
10513
9811
10529
9817
10531
9829
10559
9833
10567
9839
10589
9851
10597
9857
10601
9859
10607
9871
10613
9883
9887
10627
9901
10631
9907
10639
9923
10651
9929
10657
9931
10663
9941
10667
9949
10687
9967
10691
9973
10709
10007
10711
10009
10723
10037
10729
10039
10733
10061
10739
10067
10753
10069
10079
10771
10091
10781
10093
10789
10099
10799
10103
10831
10111
10837
10133
10847
10139
10853
10141
10859
10151
10861
10159
10867
10163
10883
10169
10889
10177
10891
10181
10193
10903
10211
10909
10223
10937
10243
10939
10247
10949
10253
10957
10259
10973
10267
10979
10271
10987
10273
10993
10289
11003
10301
11027
10303
10313
11047
10321
11057
10331
11059
10333
11069
10337
11071
10343
11083
10357
11087
10369
11093
10391
11113
10399
11117
10427
11119
10429
11131
10433
11149
10453
11159
10457
11161
10459
10463
11171
10477
11173
10487
11177
10499
11197
10501
11213
10513
11239
10529
11243
10531
11251
10559
11257
10567
11261
10589
11273
10597
11279
10601
11287
10607
10613
11299
10627
11311
10631
11317
10639
11321
11329
10651
11351
10657
11353
10663
11369
10667
10687
11383
10691
11393
10709
11399
10711
11411
10723
11423
10729
11437
10733
11443
10739
11447
10753
11467
10771
11471
10781
11483
10789
11489
10799
11491
10831
11497
10837
11503
10847
11519
10853
11527
10859
11549
10861
11551
10867
10883
11579
10889
11587
10891
11593
10903
11597
10909
11617
10937
11621
10939
11633
10949
11657
10957
11677
10973
11681
10979
11689
10987
11699
10993
11701
11003
11717
11027
11719
11047
11731
11057
11743
11059
11069
11777
11071
11779
11083
11783
11087
11789
11093
11801
11113
11807
11117
11813
11119
11821
11131
11827
11149
11831
11159
11833
11161
11839
11171
11863
11173
11867
11177
11887
11197
11897
11213
11903
11239
11243
11909
11251
11923
11257
11927
11261
11933
11273
11939
11279
11941
11287
11953
11299
11959
11311
11969
11317
11971
11321
11981
11329
11987
11351
12007
11353
12011
11369
12037
11383
12041
11393
12043
11399
11411
12049
11423
12071
11437
12073
11443
12097
11447
12101
11467
12107
11471
12109
11483
12113
11489
12119
11491
12143
11497
12149
11503
12157
11519
12161
11527
12163
11549
12197
11551
12203
11579
12211
11587
12227
11593
12239
11597
11617
12241
11621
12251
11633
12253
11657
12263
11677
12269
11681
12277
11689
12281
11699
12289
11701
12301
11717
12323
11719
12329
11731
12343
11743
12347
11777
12373
11779
12377
11783
12379
11789
12391
11801
12401
11807
12409
11813
12413
11821
11827
12421
11831
12433
11833
12437
11839
12451
11863
12457
11867
12473
11887
12479
11897
12487
11903
12491
11909
12497
11923
12503
11927
12511
11933
12517
11939
12527
11941
12539
11953
12541
11959
12547
11969
12553
11971
12569
11981
12577
11987
12583
12007
12589
12011
12037
12601
12041
12611
12043
12613
12049
12619
12071
12637
12073
12641
12097
12647
12101
12653
12107
12659
12109
12671
12113
12689
12119
12697
12143
12703
12149
12713
12157
12721
12161
12739
12163
12743
12197
12757
12203
12763
12211
12781
12227
12791
12239
12799
12241
12809
12251
12253
12821
12263
12823
12269
12829
12277
12841
12281
12853
12289
12889
12301
12893
12323
12899
12329
12907
12343
12911
12347
12917
12373
12919
12377
12923
12379
12941
12391
12953
12401
12959
12409
12967
12413
12973
12421
12979
12433
12983
12437
12451
13001
12457
13003
12473
13007
12479
13009
12487
13033
12491
13037
12497
13043
12503
13049
12511
13063
12517
13093
12527
13099
12539
13103
12541
13109
12547
13121
12553
13127
12569
13147
12577
13151
12583
13159
12589
13163
12601
13171
12611
13177
12613
13183
12619
13187
12637
13217
12641
12647
13219
12653
13229
12659
13241
12671
13249
12689
13259
12697
13267
12703
13291
12713
13297
12721
13309
12739
13313
12743
13327
12757
13331
12763
13337
12781
13339
12791
13367
12799
13381
12809
13397
12821
13399
12823
13411
12829
13417
12841
13421
12853
13441
12889
13451
12893
13457
12899
12907
13463
12911
13469
12917
13477
12919
13487
12923
13499
12941
13513
12953
13523
12959
13537
12967
13553
12973
13567
12979
13577
12983
13591
13001
13597
13003
13613
13007
13619
13009
13627
13033
13633
13037
13649
13043
13669
13049
13063
13679
13093
13681
13099
13687
13103
13691
13109
13693
13121
13697
13127
13709
13147
13711
13151
13721
13159
13723
13163
13729
13171
13751
13177
13757
13183
13759
13187
13763
13217
13781
13219
13789
13229
13799
13241
13807
13249
13829
13259
13831
13267
13841
13291
13859
13297
13873
13309
13877
13313
13327
13879
13331
13883
13337
13901
13339
13903
13367
13907
13381
13913
13397
13921
13399
13931
13411
13933
13417
13963
13421
13967
13441
13997
13451
13999
13457
14009
13463
14011
13469
14029
13477
14033
13487
14051
13499
14057
13513
14071
13523
14081
13537
14083
13553
14087
13567
14107
13577
14143
13591
14149
13597
14153
13613
14159
13619
13627
14173
13633
14177
13649
14197
13669
14207
13679
14221
13681
14243
13687
14249
14251
13691
14281
13693
14293
13697
14303
13709
14321
13711
13721
14323
13723
14327
13729
14341
13751
14347
13757
14369
13759
14387
13763
14389
13781
14401
13789
14407
13799
14411
13807
14419
13829
14423
13831
14431
13841
14437
13859
14447
13873
14449
13877
14461
13879
14479
13883
14489
13901
14503
13903
14519
13907
14533
13913
14537
13921
14543
13931
14549
13933
14551
13963
14557
13967
14561
13997
14563
13999
14009
14591
14011
14593
14029
14621
14033
14627
14051
14629
14057
14633
14071
14639
14081
14653
14083
14657
14087
14669
14107
14683
14143
14699
14149
14713
14153
14717
14159
14723
14173
14731
14177
14737
14197
14741
14207
14747
14221
14753
14243
14759
14249
14767
14251
14771
14281
14779
14293
14783
14303
14797
14321
14813
14323
14821
14327
14827
14341
14347
14831
14369
14843
14387
14851
14389
14867
14401
14869
14407
14879
14411
14887
14419
14891
14423
14897
14431
14923
14437
14929
14447
14939
14449
14947
14461
14951
14479
14957
14489
14969
14503
14983
14519
15013
14533
15017
14537
15031
14543
15053
14549
15061
14551
15073
14557
15077
14561
15083
14563
14591
15091
14593
15101
14621
15107
14627
15121
14629
15131
14633
15137
14639
15139
14653
15149
14657
15161
14669
15173
14683
15187
14699
15193
14713
15199
14717
15217
14723
15227
14731
15233
14737
15241
14741
15259
14747
15263
14753
15269
14759
15271
14767
15277
14771
15287
14779
15289
14783
15299
14797
15307
14813
15313
14821
15319
14827
15329
14831
15331
14843
15349
14851
14867
15359
14869
15361
14879
15373
14887
15377
14891
15383
14897
15391
14923
15401
14929
15413
14939
15427
14947
15439
14951
15443
14957
15451
14969
15461
14983
15467
15013
15473
15017
15493
15031
15497
15053
15511
15061
15527
15073
15541
15077
15551
15083
15559
15091
15569
15101
15581
15107
15583
15121
15601
15131
15607
15137
15619
15139
15629
15149
15161
15641
15173
15643
15187
15647
15193
15649
15199
15661
15217
15667
15227
15671
15233
15679
15241
15683
15259
15727
15263
15731
15269
15733
15271
15737
15277
15739
15287
15749
15289
15761
15299
15767
15307
15773
15313
15787
15319
15791
15329
15797
15331
15803
15349
15809
15359
15817
15361
15823
15373
15859
15377
15877
15383
15881
15391
15887
15401
15889
15413
15901
15427
15907
15439
15913
15443
15919
15451
15923
15461
15937
15467
15473
15959
15493
15971
15497
15973
15511
15991
15527
16001
15541
16007
15551
16033
15559
16057
15569
16061
15581
16063
15583
16067
15601
16069
15607
16073
15619
16087
15629
16091
15641
16097
15643
16103
15647
16111
15649
16127
15661
16139
15667
16141
15671
16183
15679
16187
15683
16189
15727
16193
15731
16217
15733
16223
15737
16229
15739
16231
15749
16249
15761
16253
15767
16267
15773
16273
15787
15791
16301
15797
16319
15803
16333
15809
16339
15817
16349
15823
16361
15859
16363
15877
16369
15881
16381
15887
16411
15889
16417
15901
16421
15907
16427
15913
16433
15919
16447
15923
16451
15937
16453
15959
16477
15971
16481
15973
16487
15991
16493
16001
16519
16007
16529
16033
16547
16057
16553
16061
16561
16063
16567
16067
16573
16069
16603
16073
16607
16087
16619
16091
16097
16631
16103
16633
16111
16649
16127
16651
16139
16657
16141
16661
16183
16673
16187
16691
16189
16693
16193
16699
16217
16703
16223
16729
16229
16741
16231
16747
16249
16759
16253
16763
16267
16787
16273
16811
16301
16823
16319
16829
16333
16831
16339
16843
16349
16871
16361
16879
16363
16883
16369
16889
16381
16901
16411
16903
16417
16921
16421
16427
16927
16433
16931
16447
16937
16451
16943
16453
16963
16477
16979
16481
16981
16487
16987
16493
16993
16519
17011
16529
17021
16547
17027
16553
17029
16561
17033
16567
17041
16573
17047
16603
17053
16607
17077
16619
17093
16631
17099
16633
17107
16649
17117
16651
17123
16657
17137
16661
17159
16673
17167
16691
17183
16693
17189
16699
17191
16703
17203
16729
17207
16741
17209
16747
17231
16759
16763
17239
16787
17257
16811
17291
16823
17293
16829
17299
16831
17317
16843
17321
16871
17327
16879
17333
16883
17341
16889
17351
16901
17359
16903
17377
16921
17383
16927
17387
16931
17389
16937
17393
16943
17401
16963
17417
16979
17419
16981
17431
16987
17443
16993
17449
17011
17467
17021
17471
17027
17477
17029
17483
17033
17489
17041
17491
17047
17497
17053
17509
17077
17519
17093
17539
17099
17551
17107
17569
17117
17573
17123
17579
17137
17581
17159
17597
17167
17599
17183
17189
17609
17191
17623
17203
17627
17207
17657
17209
17659
17231
17669
17239
17681
17257
17683
17291
17707
17293
17713
17299
17729
17317
17737
17321
17747
17327
17749
17333
17761
17341
17783
17351
17789
17359
17791
17377
17807
17383
17827
17387
17837
17389
17839
17393
17851
17401
17863
17417
17881
17419
17891
17431
17903
17443
17909
17449
17911
17467
17921
17471
17923
17477
17929
17483
17939
17489
17957
17491
17959
17497
17971
17509
17977
17519
17981
17539
17987
17551
17989
17569
18013
17573
18041
17579
18043
17581
18047
17597
18049
17599
18059
17609
18061
17623
18077
17627
17657
18089
18097
17659
18119
18121
17669
17681
18127
18131
17683
18133
17707
17713
18143
18149
17729
18169
17737
18181
17747
17749
18191
17761
18199
17783
18211
17789
18217
17791
18223
17807
18229
17827
18233
17837
18251
17839
18253
17851
18257
17863
18269
17881
18287
17891
18289
17903
18301
17909
18307
17911
18311
17921
18313
17923
18329
17929
18341
17939
18353
17957
18367
17959
18371
17971
18379
17977
18397
17981
18401
17987
18413
17989
18427
18013
18433
18041
18439
18043
18443
18047
18451
18049
18457
18059
18461
18061
18481
18077
18493
18089
18503
18097
18517
18119
18521
18121
18523
18127
18539
18131
18541
18133
18553
18143
18583
18149
18587
18169
18181
18593
18191
18617
18199
18637
18211
18661
18217
18671
18223
18679
18229
18691
18233
18701
18251
18713
18253
18719
18257
18731
18269
18743
18287
18749
18289
18757
18301
18773
18307
18787
18311
18793
18313
18797
18329
18803
18341
18839
18353
18859
18367
18869
18371
18899
18379
18911
18397
18913
18401
18917
18413
18919
18427
18947
18433
18959
18439
18443
18973
18451
18979
19001
18457
19009
18461
19013
18481
18493
19031
18503
19037
18517
19051
18521
19069
18523
19073
18539
19079
18541
19081
18553
19087
18583
19121
18587
19139
18593
19141
18617
19157
18637
19163
18661
19181
18671
19183
18679
19207
18691
19211
18701
19213
18713
19219
18719
19231
18731
19237
18743
19249
18749
19259
18757
19267
18773
19273
18787
19289
18793
19301
18797
19309
18803
19319
18839
19333
18859
19373
18869
19379
18899
19381
18911
19387
18913
19391
18917
19403
18919
19417
18947
19421
18959
19423
18973
19427
18979
19429
19001
19433
19009
19441
19013
19447
19031
19037
19457
19463
19051
19469
19069
19471
19073
19477
19079
19081
19483
19087
19489
19121
19501
19139
19507
19141
19531
19157
19541
19163
19543
19181
19553
19183
19559
19207
19571
19211
19577
19213
19583
19219
19597
19231
19603
19237
19609
19249
19661
19259
19681
19267
19687
19273
19697
19289
19699
19301
19709
19309
19717
19319
19727
19333
19739
19373
19751
19379
19753
19381
19759
19387
19763
19391
19777
19403
19793
19417
19801
19421
19813
19423
19819
19427
19841
19429
19843
19433
19441
19853
19447
19861
19457
19867
19463
19889
19469
19891
19471
19913
19477
19919
19483
19927
19489
19937
19501
19949
19507
19961
19531
19963
19541
19973
19543
19979
19553
19991
19559
19993
19571
19997
19577
20011
19583
20021
19597
20023
19603
20029
19609
20047
19661
20051
19681
20063
19687
20071
19697
20089
19699
20101
19709
20107
19717
20113
19727
20117
19739
20123
19751
20129
19753
20143
19759
20147
19763
20149
19777
20161
19793
20173
19801
20177
19813
20183
19819
20201
19841
20219
19843
20231
19853
20233
19861
20249
19867
20261
19889
20269
19891
20287
19913
20297
19919
20323
19927
20327
19937
20333
19949
20341
19961
20347
19963
20353
19973
20357
19979
20359
19991
20369
19993
20389
19997
20393
20011
20399
20021
20023
20407
20411
20029
20431
20047
20441
20051
20443
20063
20477
20071
20089
20479
20101
20483
20107
20507
20113
20509
20117
20521
20123
20533
20129
20543
20143
20549
20147
20551
20149
20563
20161
20593
20173
20599
20177
20611
20183
20627
20201
20639
20219
20641
20231
20663
20233
20681
20249
20693
20261
20707
20269
20717
20287
20719
20297
20731
20323
20743
20327
20747
20333
20749
20341
20753
20347
20759
20353
20771
20357
20773
20359
20789
20369
20807
20389
20809
20393
20849
20399
20857
20407
20873
20411
20879
20431
20887
20441
20897
20443
20899
20477
20479
20903
20483
20921
20507
20929
20509
20939
20521
20947
20533
20959
20543
20963
20549
20981
20551
20983
20563
21001
20593
21011
20599
21013
20611
21017
20627
21019
20639
21023
20641
21031
20663
21059
20681
21061
20693
21067
20707
21089
20717
21101
20719
21107
20731
21121
20743
21139
20747
21143
20749
21149
20753
21157
20759
21163
20771
21169
20773
21179
20789
21187
20807
21191
20809
21193
20849
21211
20857
21221
20873
21227
20879
21247
20887
21269
20897
21277
20899
21283
20903
21313
20921
21317
20929
21319
20939
21323
20947
21341
20959
21347
20963
21377
20981
21379
20983
21383
21001
21391
21011
21397
21013
21401
21017
21407
21019
21023
21419
21031
21433
21059
21467
21061
21481
21067
21487
21089
21491
21101
21493
21107
21499
21121
21503
21139
21517
21143
21521
21149
21523
21157
21529
21163
21557
21169
21559
21179
21563
21187
21569
21191
21577
21193
21587
21211
21589
21221
21599
21227
21601
21247
21611
21269
21613
21277
21617
21283
21647
21313
21649
21317
21661
21319
21673
21323
21683
21341
21701
21347
21713
21377
21727
21379
21737
21383
21739
21391
21751
21397
21757
21401
21767
21407
21773
21419
21787
21433
21799
21467
21803
21481
21817
21487
21821
21491
21839
21493
21841
21499
21851
21503
21859
21517
21863
21521
21871
21523
21881
21529
21893
21557
21911
21559
21929
21563
21937
21569
21577
21943
21587
21961
21589
21977
21599
21991
21601
21997
21611
22003
21613
22013
21617
22027
21647
22031
21649
22037
21661
22039
21673
22051
21683
22063
21701
22067
21713
22073
21727
22079
21737
22091
21739
22093
21751
22109
21757
22111
21767
22123
21773
22129
21787
22133
21799
22147
21803
22153
21817
22157
21821
22159
21839
22171
21841
22189
21851
22193
21859
22229
21863
22247
21871
22259
21881
22271
21893
22273
21911
22277
21929
22279
21937
22283
21943
22291
21961
22303
21977
22307
21991
22343
21997
22349
22003
22367
22013
22369
22027
22381
22031
22391
22037
22397
22039
22409
22051
22433
22063
22441
22067
22447
22073
22453
22079
22469
22091
22481
22093
22483
22109
22501
22111
22511
22123
22129
22531
22133
22541
22147
22543
22153
22549
22157
22567
22159
22571
22171
22573
22189
22613
22193
22619
22229
22621
22247
22637
22259
22639
22271
22643
22273
22651
22277
22669
22279
22679
22283
22691
22291
22697
22303
22699
22307
22709
22343
22717
22349
22721
22367
22727
22369
22739
22381
22741
22391
22751
22397
22769
22409
22777
22433
22783
22441
22787
22447
22807
22453
22811
22469
22817
22481
22853
22483
22859
22501
22861
22511
22871
22531
22877
22541
22901
22543
22907
22549
22921
22567
22937
22571
22943
22573
22961
22613
22963
22619
22973
22621
22993
22637
23003
22639
23011
22643
23017
22651
23021
23027
22669
23029
22679
23039
22691
23041
22697
23053
22699
23057
22709
23059
22717
23063
22721
23071
22727
23081
22739
23087
22741
23099
22751
23117
23131
22769
23143
22777
23159
22783
23167
22787
23173
22807
23189
22811
23197
22817
23201
22853
23203
22859
23209
22861
23227
22871
23251
22877
23269
22901
23279
22907
23291
22921
23293
22937
23297
22943
23311
22961
23321
22963
23327
22973
23333
22993
23339
23003
23357
23011
23369
23017
23371
23021
23399
23027
23417
23029
23431
23039
23447
23041
23459
23053
23473
23057
23497
23059
23509
23063
23531
23071
23537
23081
23539
23087
23549
23099
23557
23117
23561
23131
23563
23143
23567
23159
23581
23167
23593
23173
23599
23189
23603
23197
23201
23609
23203
23623
23209
23627
23227
23629
23251
23633
23269
23663
23279
23669
23291
23671
23293
23677
23297
23687
23311
23689
23321
23719
23327
23741
23333
23743
23339
23747
23357
23753
23369
23761
23371
23767
23399
23773
23417
23789
23431
23801
23447
23813
23459
23819
23473
23827
23497
23831
23509
23833
23531
23857
23537
23869
23539
23873
23549
23879
23557
23887
23561
23893
23563
23899
23567
23909
23581
23911
23593
23917
23599
23929
23603
23957
23609
23971
23623
23977
23627
23981
23629
23993
23633
24001
23663
24007
23669
24019
23671
24023
23677
24029
23687
24043
23689
24049
23719
24061
23741
24071
23743
24077
23747
24083
23753
24091
23761
24097
23767
24103
23773
24107
23789
24109
23801
24113
23813
24121
23819
24133
23827
24137
23831
24151
23833
24169
23857
24179
23869
24181
23873
24197
23879
24203
23887
24223
23893
24229
23899
24239
23909
24247
23911
24251
23917
24281
23929
24317
23957
23971
24329
24337
23977
24359
23981
24371
23993
24373
24001
24379
24007
24391
24019
24407
24023
24029
24413
24043
24419
24049
24421
24061
24439
24071
24443
24077
24469
24083
24473
24091
24481
24097
24499
24103
24509
24107
24517
24109
24527
24113
24533
24121
24547
24133
24551
24137
24571
24151
24593
24169
24611
24179
24623
24181
24631
24197
24659
24203
24671
24223
24677
24229
24683
24239
24691
24247
24697
24251
24709
24281
24733
24317
24749
24329
24763
24337
24767
24359
24781
24371
24793
24373
24799
24379
24809
24391
24821
24407
24841
24413
24847
24419
24851
24421
24859
24439
24877
24443
24889
24469
24907
24473
24917
24481
24919
24499
24923
24509
24943
24517
24953
24527
24967
24533
24971
24547
24977
24551
24979
24571
24989
24593
25013
24611
25031
24623
25033
24631
25037
24659
24671
25057
24677
25073
24683
25087
24691
25097
24697
25111
24709
25117
24733
25121
24749
25127
24763
25147
24767
25153
24781
25163
24793
25169
24799
25171
24809
25183
24821
25189
24841
25219
24847
25229
24851
25237
24859
25243
24877
25247
24889
25253
24907
25261
24917
25301
24919
25303
24923
25307
24943
25309
24953
25321
24967
25339
24971
25343
24977
25349
24979
25357
24989
25367
25013
25373
25031
25033
25391
25037
25409
25057
25411
25073
25423
25087
25439
25097
25447
25111
25453
25117
25457
25121
25463
25127
25469
25147
25471
25153
25523
25163
25537
25169
25541
25171
25561
25183
25577
25189
25579
25219
25583
25229
25589
25237
25601
25243
25603
25247
25609
25253
25621
25261
25633
25301
25639
25303
25643
25307
25657
25309
25667
25321
25673
25339
25679
25343
25693
25349
25703
25357
25717
25367
25733
25373
25741
25391
25747
25409
25759
25411
25763
25423
25771
25439
25793
25447
25799
25453
25801
25457
25819
25463
25841
25469
25847
25471
25849
25523
25867
25537
25873
25541
25889
25561
25903
25577
25913
25579
25919
25583
25931
25589
25933
25601
25939
25603
25943
25609
25951
25621
25969
25633
25981
25639
25997
25643
25999
25657
26003
25667
26017
25673
26021
25679
26029
25693
26041
25703
26053
25717
26083
25733
26099
25741
25747
26107
25759
26111
25763
26113
25771
26119
25793
26141
25799
26153
25801
26161
25819
26171
25841
26177
25847
26183
25849
26189
25867
26203
25873
26209
25889
26227
25903
26237
25913
26249
25919
26251
25931
26261
25933
26263
25939
26267
25943
26293
25951
26297
25969
26309
25981
26317
25997
26321
25999
26339
26003
26347
26017
26357
26021
26371
26029
26387
26041
26393
26053
26399
26083
26407
26099
26417
26107
26423
26111
26431
26113
26437
26119
26449
26141
26459
26153
26479
26161
26489
26171
26497
26177
26501
26183
26513
26189
26539
26203
26557
26209
26561
26227
26573
26237
26591
26249
26597
26251
26627
26261
26633
26263
26641
26267
26647
26293
26669
26297
26681
26309
26683
26317
26687
26321
26693
26339
26699
26347
26701
26357
26711
26371
26713
26387
26717
26393
26723
26399
26729
26407
26731
26417
26737
26423
26759
26431
26777
26437
26783
26449
26801
26459
26813
26479
26821
26489
26833
26497
26501
26839
26513
26849
26539
26861
26557
26863
26561
26879
26573
26881
26591
26891
26597
26893
26627
26903
26633
26921
26641
26927
26647
26947
26669
26951
26681
26953
26683
26959
26687
26981
26693
26987
26699
26993
26701
27011
26711
27017
26713
27031
26717
27043
26723
27059
26729
27061
26731
27067
26737
27073
26759
27077
26777
27091
26783
27103
26801
27107
26813
27109
26821
27127
26833
27143
26839
27179
26849
27191
26861
27197
26863
27211
26879
27239
26881
27241
26891
27253
26893
27259
26903
27271
26921
27277
26927
27281
26947
27283
26951
27299
26953
27329
26959
27337
26981
27361
26987
27367
26993
27397
27011
27407
27017
27409
27031
27427
27043
27431
27059
27437
27061
27449
27067
27457
27073
27479
27077
27481
27091
27487
27103
27509
27107
27527
27109
27529
27127
27539
27143
27541
27179
27551
27191
27581
27197
27583
27211
27611
27239
27617
27241
27631
27253
27647
27259
27653
27271
27673
27277
27281
27689
27283
27691
27299
27697
27329
27701
27337
27733
27361
27737
27367
27739
27397
27743
27407
27749
27409
27751
27427
27763
27431
27767
27437
27773
27449
27779
27457
27791
27479
27793
27481
27799
27487
27803
27509
27809
27527
27817
27529
27823
27539
27827
27541
27847
27551
27851
27581
27883
27583
27893
27611
27901
27617
27917
27631
27919
27647
27941
27653
27943
27673
27947
27689
27953
27691
27961
27697
27967
27701
27983
27733
27997
27737
28001
27739
28019
27743
28027
27749
28031
27751
28051
27763
28057
27767
28069
27773
28081
27779
28087
27791
28097
27793
28099
27799
28109
27803
28111
27809
28123
27817
28151
27823
28163
27827
28181
27847
28183
27851
28201
27883
28211
27893
28219
27901
28229
27917
28277
27919
28279
27941
28283
27943
28289
27947
28297
27953
28307
27961
28309
27967
28319
27983
28349
27997
28351
28001
28387
28019
28393
28027
28403
28031
28409
28051
28411
28057
28429
28069
28433
28081
28439
28087
28447
28097
28099
28463
28109
28477
28111
28493
28123
28499
28151
28513
28163
28517
28181
28537
28183
28541
28547
28549
28559
28571
28573
28579
28591
28597
28603
28607
28619
28621
28627
28631
28643
28649
28657
28661
28663
28669
28687
28697
28703
28711
28723
28729
28751
28753
28759
28771
28789
28793
28807
28813
28817
28837
28843
28859
28867
28871
28879
28901
28909
28921
28927
28933
28949
28961
28979
29009
29017
29021
29023
29027
29033
29059
29063
29077
29101
29123
29129
29131
28201
29137
28211
29147
28219
29153
28229
29167
28277
29173
28279
29179
28283
29191
28289
29201
28297
29207
28307
29209
28309
29221
28319
29231
28349
29243
28351
29251
28387
29269
28393
29287
28403
29297
28409
29303
28411
29311
28429
29327
28433
29333
28439
29339
28447
29347
28463
29363
28477
29383
28493
29387
28499
29389
28513
29399
28517
29401
28537
28541
29411
28547
29423
28549
29429
28559
29437
28571
29443
28573
29453
28579
29473
28591
29483
28597
29501
28603
29527
28607
29531
28619
29537
28621
29567
28627
29569
28631
29573
28643
29581
28649
29587
28657
29599
28661
29611
28663
29629
28669
29633
28687
29641
28697
29663
28703
29669
28711
29671
28723
29683
28729
29717
28751
29723
28753
29741
28759
28771
29753
28789
29759
28793
29761
28807
29789
28813
29803
28817
29819
28837
29833
28843
29837
28859
29851
28867
29863
28871
29867
28879
29873
28901
29879
28909
29881
28921
29917
28927
29921
28933
29927
28949
29947
28961
29959
28979
29983
29009
29989
29017
30011
29021
30013
29023
30029
29027
30047
29033
30059
29059
29063
30071
29077
30089
29101
30091
29123
30097
29129
30103
29131
30109
29137
30113
29147
30119
29153
30133
29167
30137
29173
30139
29179
30161
29191
30169
29201
30181
29207
30187
29209
30197
29221
30203
29231
30211
29243
30223
29251
30241
29269
30253
29287
30259
29297
30269
29303
30271
29311
30293
29327
30307
29333
30313
29339
30319
29347
30323
29363
30341
29383
30347
29387
30367
29389
30389
29399
29401
30391
29411
30403
29423
30427
29429
30431
29437
30449
29443
30467
29453
30469
29473
30491
29483
30493
29501
30497
29527
30509
29531
30517
29537
30529
29567
30539
29569
30553
29573
30557
29581
30559
29587
30577
29599
30593
29611
30631
29629
30637
29633
30643
29641
30649
29663
30661
29669
30671
29671
30677
29683
30689
29717
30697
29723
30703
29741
30707
29753
30713
29759
29761
30727
29789
30757
29803
30763
29819
30773
29833
30781
29837
30803
29851
30809
29863
30817
29867
30829
29873
30839
29879
30841
29881
30851
29917
30853
29921
30859
29927
30869
29947
30871
29959
30881
29983
30893
29989
30911
30011
30931
30013
30937
30029
30941
30047
30949
30059
30971
30071
30977
30089
30983
30091
31013
30097
31019
30103
31033
30109
31039
30113
31051
30119
31063
30133
31069
30137
31079
30139
30161
31081
30169
31091
30181
31121
30187
31123
30197
31139
30203
31147
30211
31151
30223
31153
30241
31159
30253
31177
30259
31181
30269
31183
30271
31189
30293
31193
30307
31219
30313
31223
30319
31231
30323
31237
30341
31247
30347
31249
30367
31253
30389
31259
30391
31267
30403
31271
30427
31277
30431
31307
30449
31319
30467
31321
30469
31327
30491
31333
30493
31337
30497
31357
30509
31379
30517
30529
31387
30539
31391
30553
31393
30557
31397
30559
31469
30577
31477
30593
31481
30631
31489
30637
31511
30643
31513
30649
31517
30661
31531
30671
31541
30677
31543
30689
31547
30697
31567
30703
31573
30707
31583
30713
31601
30727
31607
30757
31627
30763
31643
30773
31649
30781
31657
30803
31663
30809
31667
30817
31687
30829
31699
30839
31721
30841
31723
30851
31727
30853
31729
30859
31741
30869
31751
30871
31769
30881
30893
31771
30911
31793
30931
30937
31799
30941
30949
31817
30971
31847
30977
31849
30983
31859
31013
31873
31019
31883
31033
31891
31039
31907
31051
31957
31063
31963
31069
31973
31079
31981
31081
31991
31091
32003
31121
32009
31123
32027
31139
32029
31147
32051
31151
32057
31153
32059
31159
32063
31177
32069
31181
32077
31183
32083
31189
31193
32089
31219
32099
31223
32117
31231
32119
31237
32141
31247
32143
31249
32159
31253
32173
31259
32183
31267
32189
31271
32191
31277
32203
31307
32213
31319
32233
31321
32237
31327
32251
31333
32257
31337
32261
31357
32297
31379
32299
31387
32303
31391
32309
31393
32321
31397
32323
31469
32327
31477
32341
31481
32353
31489
32359
31511
32363
31513
32369
31517
32371
31531
32377
31541
32381
31543
32401
31547
31567
32411
31573
32413
31583
32423
31601
32429
31607
32441
31627
32443
31643
32467
31649
32479
31657
32491
31663
32497
31667
32503
31687
32507
31699
32531
31721
32533
31723
32537
31727
32561
31729
32563
31741
32569
31751
32573
31769
32579
31771
32587
31793
32603
31799
32609
31817
32611
31847
32621
31849
32633
31859
32647
31873
32653
31883
32687
31891
32693
31907
32707
31957
32713
31963
32717
31973
32719
31981
32749
31991
32771
32003
32779
32009
32783
32027
32789
32029
32797
32051
32801
32057
32803
32059
32831
32063
32833
32069
32077
32839
32083
32843
32089
32869
32099
32887
32117
32909
32119
32911
32141
32917
32143
32933
32159
32939
32173
32941
32183
32957
32189
32969
32191
32971
32203
32983
32213
32987
32233
32993
32237
32999
32251
33013
32257
33023
32261
33029
32297
33037
32299
33049
32303
33053
32309
33071
32321
33073
32323
33083
32327
33091
32341
33107
32353
33113
32359
33119
32363
33149
32369
33151
32371
33161
32377
33179
32381
33181
32401
33191
32411
33199
32413
33203
32423
33211
32429
33223
32441
33247
32443
33287
32467
33289
32479
32491
33301
32497
33311
32503
33317
32507
33329
32531
33331
32533
33343
32537
33347
32561
33349
32563
33353
32569
33359
32573
33377
32579
33391
32587
33403
32603
33409
32609
33413
32611
33427
32621
33457
32633
33461
32647
33469
32653
33479
32687
33487
32693
33493
32707
33503
32713
33521
32717
33529
32719
33533
32749
33547
32771
33563
32779
33569
32783
33577
32789
33581
32797
33587
32801
33589
32803
33599
32831
33601
32833
33613
32839
33617
32843
33619
32869
33623
32887
33629
32909
33637
32911
33641
32917
33647
32933
32939
33679
32941
33703
32957
33713
32969
33721
32971
33739
32983
33749
32987
33751
32993
33757
32999
33767
33013
33769
33023
33773
33029
33791
33037
33797
33049
33809
33053
33811
33071
33827
33073
33829
33083
33851
33091
33857
33107
33863
33113
33871
33119
33889
33149
33893
33151
33911
33161
33923
33179
33931
33181
33937
33191
33941
33199
33961
33203
33967
33211
33997
33223
34019
33247
34031
33287
34033
33289
34039
33301
34057
33311
34061
33317
34123
33329
34127
33331
34129
33343
33347
34141
33349
34147
33353
34157
33359
34159
33377
34171
33391
34183
33403
34211
33409
34213
33413
34217
33427
34231
33457
34253
33461
34259
33469
34261
33479
34267
33487
34273
33493
34283
33503
34297
33521
34301
33529
34303
33533
34313
33547
34319
33563
34327
33569
34337
33577
34351
33581
34361
33587
34367
33589
34369
33599
34381
33601
34403
33613
34421
33617
34429
33619
34439
33623
34457
33629
34469
33637
34471
33641
34483
33647
34487
33679
34499
33703
34501
33713
34511
33721
34513
33739
33749
34519
33751
34537
33757
34543
33767
34549
33769
34583
33773
34589
33791
34591
33797
34603
33809
34607
33811
34613
33827
34631
33829
34649
33851
34651
33857
34667
33863
34673
33871
34679
33889
34687
33893
34693
33911
34703
33923
34721
33931
34729
33937
34739
33941
34747
33961
34757
33967
34759
33997
34763
34019
34781
34031
34807
34033
34819
34039
34841
34057
34843
34061
34847
34123
34849
34127
34871
34129
34877
34141
34883
34147
34897
34157
34913
34159
34919
34171
34939
34183
34949
34211
34961
34213
34963
34217
34981
34231
35023
34253
34259
35027
34261
35051
34267
35053
34273
35059
34283
35069
34297
35081
34301
35083
34303
35089
34313
35099
34319
35107
34327
35111
34337
35117
34351
35129
34361
35141
34367
35149
34369
35153
34381
35159
34403
35171
34421
35201
34429
35221
34439
35227
34457
35251
34469
35257
34471
35267
34483
35279
34487
35281
34499
35291
34501
35311
34511
35317
34513
35323
34519
35327
34537
35339
34543
35353
34549
35363
34583
35381
34589
35393
34591
35401
34603
35407
34607
35419
34613
35423
34631
35437
34649
35447
34651
35449
34667
35461
34673
35491
34679
34687
35507
34693
35509
34703
35521
34721
35527
34729
35531
34739
35533
34747
35537
34757
35543
34759
35569
34763
35573
34781
35591
34807
35593
34819
35597
34841
35603
34843
35617
34847
35671
34849
35677
34871
35729
34877
35731
34883
35747
34897
35753
34913
35759
34919
35771
34939
35797
34949
35801
34961
35803
34963
35809
34981
35831
35023
35837
35027
35839
35051
35851
35053
35863
35059
35869
35069
35879
35081
35897
35083
35899
35089
35911
35099
35923
35107
35933
35111
35951
35117
35963
35129
35141
35969
35149
35977
35153
35983
35159
35993
35171
35999
35201
36007
35221
36011
35227
36013
35251
36017
35257
36037
35267
36061
35279
36067
35281
36073
35291
36083
35311
36097
35317
36107
35323
36109
35327
36131
35339
36137
35353
36151
35363
36161
35381
36187
35393
36191
35401
36209
35407
36217
35419
36229
35423
36241
35437
36251
35447
36263
35449
36269
35461
36277
35491
36293
35507
36299
35509
36307
35521
36313
35527
36319
35531
36341
35533
36343
35537
36353
35543
36373
35569
36383
35573
35591
36389
35593
36433
35597
36451
35603
36457
35617
36467
35671
36469
35677
36473
35729
36479
35731
36493
35747
36497
35753
36523
35759
36527
35771
36529
35797
36541
35801
36551
35803
36559
35809
36563
35831
36571
35837
36583
35839
36587
35851
36599
35863
36607
35869
36629
35879
36637
35897
36643
35899
36653
35911
36671
35923
36677
35933
36683
35951
36691
35963
36697
35969
36709
35977
36713
35983
36721
35993
36739
35999
36749
36007
36761
36011
36767
36013
36779
36017
36781
36037
36787
36061
36791
36067
36793
36073
36809
36083
36821
36097
36833
36107
36847
36109
36857
36131
36871
36137
36877
36151
36887
36161
36899
36187
36191
36901
36209
36913
36217
36919
36229
36923
36241
36929
36251
36931
36263
36943
36269
36947
36277
36973
36293
36979
36299
36997
36307
37003
36313
37013
36319
37019
36341
37021
36343
37039
36353
37049
36373
37057
36383
37061
36389
37087
36433
37097
36451
37117
36457
37123
36467
37139
36469
37159
36473
37171
36479
37181
36493
37189
36497
37199
36523
37201
36527
37217
36529
37223
36541
37243
36551
37253
36559
37273
36563
37277
36571
37307
36583
37309
36587
37313
36599
37321
36607
37337
36629
37339
36637
37357
36643
37361
36653
37363
36671
37369
36677
37379
36683
37397
36691
37409
36697
37423
36709
37441
36713
37447
36721
36739
37463
36749
37483
36761
37489
36767
37493
36779
37501
36781
37507
36787
37511
36791
37517
36793
37529
36809
37537
36821
37547
36833
37549
36847
37561
36857
37567
36871
37571
36877
37573
36887
37579
36899
37589
36901
37591
36913
37607
36919
37619
36923
37633
36929
37643
36931
37649
36943
37657
36947
37663
36973
37691
36979
37693
36997
37699
37003
37717
37013
37747
37019
37781
37021
37783
37039
37799
37049
37811
37057
37813
37061
37831
37087
37847
37097
37853
37117
37861
37123
37871
37139
37879
37159
37889
37171
37897
37181
37907
37189
37951
37199
37957
37201
37963
37217
37967
37223
37987
37243
37991
37253
37993
37273
37997
37277
37307
38011
38039
37309
37313
38047
37321
38053
38069
37337
37339
38083
37357
38113
37361
38119
37363
38149
37369
38153
37379
38167
37397
38177
37409
38183
37423
38189
37441
38197
37447
38201
37463
38219
37483
38231
37489
38237
37493
38239
37501
38261
37507
38273
37511
38281
37517
38287
37529
38299
37537
38303
37547
38317
37549
38321
37561
38327
37567
38329
37571
38333
37573
38351
37579
38371
37589
38377
37591
38393
37607
38431
37619
38447
37633
38449
37643
38453
37649
38459
37657
38461
37663
38501
37691
38543
37693
38557
37699
38561
37717
38567
37747
38569
37781
38593
37783
37799
38603
37811
38609
37813
38611
37831
38629
37847
38639
37853
38651
37861
38653
37871
38669
37879
38671
37889
38677
37897
38693
37907
38699
37951
38707
37957
38711
37963
38713
37967
38723
37987
38729
37991
38737
37993
38747
37997
38749
38011
38767
38039
38783
38047
38791
38053
38803
38069
38821
38083
38833
38113
38839
38119
38851
38149
38861
38153
38867
38167
38873
38177
38891
38183
38903
38189
38917
38197
38921
38201
38923
38219
38933
38231
38953
38237
38959
38239
38971
38261
38977
38273
38993
38281
39019
38287
39023
38299
39041
38303
39043
38317
39047
38321
39079
38327
38329
39089
38333
39097
38351
39103
38371
39107
38377
39113
38393
39119
38431
39133
38447
39139
38449
39157
38453
39161
38459
39163
38461
39181
38501
39191
38543
39199
38557
39209
38561
39217
38567
39227
38569
39229
38593
39233
38603
39239
38609
39241
38611
39251
38629
39293
38639
39301
38651
39313
38653
39317
38669
39323
38671
39341
38677
39343
38693
39359
38699
39367
38707
39371
38711
39373
38713
39383
38723
39397
38729
39409
38737
39419
38747
39439
38749
39443
38767
39451
38783
39461
38791
39499
38803
39503
38821
39509
38833
39511
38839
39521
38851
39541
38861
39551
38867
39563
38873
39569
38891
39581
38903
39607
38917
39619
38921
39623
38923
39631
38933
39659
38953
39667
38959
39671
38971
39679
38977
39703
38993
39709
39019
39023
39719
39041
39727
39043
39733
39047
39749
39079
39761
39089
39769
39097
39779
39103
39791
39107
39799
39113
39821
39119
39827
39133
39829
39139
39839
39157
39841
39161
39847
39163
39857
39181
39863
39191
39869
39199
39877
39209
39883
39217
39887
39227
39901
39229
39929
39233
39937
39239
39953
39241
39971
39251
39979
39293
39983
39301
39989
39313
40009
39317
40013
39323
40031
39341
40037
39343
40039
39359
40063
39367
40087
39371
40093
39373
40099
39383
40111
39397
40123
39409
40127
39419
40129
39439
40151
39443
40153
39451
40163
39461
40169
39499
40177
39503
40189
39509
40193
39511
40213
39521
40231
39541
40237
39551
40241
39563
40253
39569
40277
39581
39607
40283
40289
39619
39623
40343
39631
40351
39659
40357
39667
40361
39671
40387
39679
40423
39703
40427
39709
40429
39719
40433
39727
40459
39733
40471
39749
40483
39761
40487
39769
40493
39779
40499
39791
40507
39799
40519
39821
40529
39827
40531
39829
40543
39839
40559
39841
40577
39847
40583
39857
40591
39863
40597
39869
40609
39877
40627
39883
40637
39887
40639
39901
40693
39929
40697
39937
40699
39953
40709
39971
40739
39979
40751
39983
40759
39989
40763
40009
40771
40013
40787
40031
40801
40037
40813
40039
40819
40063
40823
40087
40829
40093
40841
40099
40847
40111
40849
40123
40853
40127
40867
40129
40879
40151
40883
40153
40897
40163
40903
40169
40177
40927
40189
40933
40193
40939
40213
40949
40231
40961
40237
40973
40241
40993
40253
41011
40277
41017
40283
41023
40289
41039
40343
41047
40351
41051
40357
41057
40361
41077
40387
41081
40423
41113
40427
41117
40429
41131
40433
41141
40459
41143
40471
41149
40483
41161
40487
41177
40493
41179
40499
41183
40507
41189
40519
41201
40529
41203
40531
41213
40543
41221
40559
41227
40577
41231
40583
41233
40591
41243
40597
41257
40609
41263
40627
41269
40637
41281
40639
41299
40693
41333
40697
41341
40699
41351
40709
41357
40739
41381
40751
41387
40759
41389
40763
41399
40771
41411
40787
41413
40801
41443
40813
41453
40819
41467
40823
41479
40829
41491
40841
41507
40847
41513
40849
41519
40853
41521
40867
41539
40879
41543
40883
41549
40897
41579
40903
41593
40927
41597
40933
40939
41603
40949
41609
40961
41611
40973
41617
40993
41621
41011
41627
41017
41641
41023
41647
41039
41651
41047
41659
41051
41669
41057
41681
41077
41687
41081
41719
41113
41729
41117
41737
41131
41759
41141
41761
41143
41771
41149
41777
41161
41801
41177
41809
41179
41813
41183
41843
41189
41849
41201
41851
41203
41863
41213
41879
41221
41887
41227
41893
41231
41897
41233
41903
41243
41911
41257
41927
41263
41941
41269
41947
41281
41953
41299
41957
41333
41959
41341
41969
41351
41981
41357
41983
41381
41999
41387
42013
41389
42017
41399
42019
41411
42023
41413
42043
41443
42061
41453
42071
41467
42073
41479
42083
41491
42089
41507
42101
41513
42131
41519
42139
41521
42157
41539
42169
41543
42179
41549
42181
41579
42187
41593
42193
41597
42197
41603
42209
41609
42221
41611
42223
41617
42227
41621
42239
41627
42257
41641
42281
41647
42283
41651
41659
42293
41669
42299
41681
42307
41687
42323
41719
42331
41729
42337
41737
42349
41759
42359
41761
42373
41771
42379
41777
42391
41801
42397
41809
42403
41813
42407
41843
42409
41849
42433
41851
42437
41863
42443
41879
42451
41887
42457
41893
42461
41897
42463
41903
42467
41911
42473
41927
42487
41941
42491
41947
42499
41953
42509
41957
42533
41959
42557
41969
42569
41981
42571
41983
42577
41999
42589
42013
42611
42017
42641
42019
42643
42023
42649
42043
42667
42061
42677
42071
42683
42073
42689
42083
42697
42089
42701
42101
42703
42131
42709
42139
42719
42157
42727
42169
42737
42179
42743
42181
42751
42187
42767
42193
42773
42197
42787
42209
42793
42221
42797
42223
42821
42227
42829
42239
42839
42257
42841
42281
42853
42283
42859
42293
42863
42299
42899
42307
42901
42323
42923
42331
42929
42337
42937
42349
42359
42943
42373
42953
42379
42961
42391
42967
42397
42979
42403
42989
42407
43003
42409
43013
42433
43019
42437
43037
42443
43049
42451
43051
42457
43063
42461
43067
42463
43093
42467
43103
42473
43117
42487
43133
42491
43151
42499
43159
42509
43177
42533
43189
42557
43201
42569
43207
42571
43223
42577
43237
42589
43261
42611
43271
42641
43283
42643
43291
42649
43313
42667
43319
42677
43321
42683
43331
42689
43391
42697
43397
42701
43399
42703
43403
42709
43411
42719
43427
42727
43441
42737
43451
42743
43457
42751
43481
42767
43487
42773
43499
42787
43517
42793
43541
42797
43543
42821
43573
42829
43577
42839
43579
42841
43591
42853
43597
42859
43607
42863
43609
42899
43613
42901
43627
42923
43633
42929
43649
42937
43651
42943
42953
43661
42961
43669
42967
43691
42979
43711
42989
43717
43003
43721
43013
43753
43019
43759
43037
43777
43049
43781
43051
43783
43063
43787
43067
43789
43093
43793
43103
43801
43117
43853
43133
43867
43151
43889
43159
43891
43177
43913
43189
43933
43201
43943
43207
43951
43223
43961
43237
43963
43261
43969
43271
43973
43283
43987
43291
43991
43313
43997
43319
44017
43321
44021
43331
44027
43391
44029
43397
44041
43399
44053
43403
44059
43411
44071
43427
44087
43441
44089
43451
44101
43457
44111
43481
44119
43487
44123
43499
44129
43517
44131
43541
44159
43543
44171
43573
44179
43577
44189
43579
44201
43591
44203
43597
44207
43607
44221
43609
44249
43613
44257
43627
44263
43633
44267
43649
44269
43651
44273
43661
44279
43669
44281
43691
44293
43711
44351
43717
44357
43721
44371
43753
44381
43759
44383
43777
44389
43781
44417
43783
43787
44449
43789
44453
43793
44483
43801
44491
43853
44497
43867
44501
43889
44507
43891
44519
43913
44531
43933
44533
43943
44537
43951
44543
43961
44549
43963
44563
43969
44579
43973
44587
43987
44617
43991
44621
43997
44623
44017
44633
44021
44641
44027
44647
44029
44651
44041
44657
44053
44683
44059
44687
44071
44699
44087
44701
44089
44711
44101
44729
44111
44741
44119
44753
44123
44771
44129
44773
44131
44777
44159
44789
44171
44797
44179
44809
44189
44819
44201
44839
44203
44843
44207
44851
44221
44867
44249
44879
44257
44887
44263
44893
44267
44909
44269
44917
44273
44927
44279
44939
44281
44953
44293
44959
44351
44963
44357
44971
44371
44983
44381
44987
44383
45007
44389
45013
44417
45053
44449
45061
44453
45077
44483
45083
44491
45119
44497
45121
44501
45127
44507
45131
44519
45137
44531
45139
44533
45161
44537
44543
45179
44549
45181
45191
44563
44579
45197
44587
45233
44617
45247
44621
45259
44623
45263
44633
45281
44641
45289
44647
45293
44651
45307
44657
45317
44683
45319
44687
45329
44699
45337
44701
45341
44711
45343
44729
45361
44741
45377
44753
45389
44771
45403
44773
45413
44777
45427
44789
45433
44797
45439
44809
45481
44819
45491
44839
45497
44843
45503
44851
45523
44867
45533
44879
45541
44887
45553
44893
45557
44909
45569
44917
45587
44927
45589
44939
45599
44953
45613
44959
45631
44963
45641
44971
45659
44983
45667
44987
45673
45007
45677
45013
45691
45053
45697
45061
45707
45077
45737
45083
45751
45119
45757
45121
45763
45127
45767
45131
45779
45137
45817
45139
45821
45161
45823
45179
45827
45181
45833
45191
45841
45197
45853
45233
45863
45247
45869
45259
45887
45263
45893
45281
45943
45289
45949
45293
45953
45307
45959
45317
45971
45319
45979
45329
45989
45337
45341
46021
45343
46027
45361
46049
45377
46051
45389
46061
45403
46073
45413
46091
45427
46093
45433
46099
45439
46103
45481
46133
45491
46141
45497
46147
45503
46153
45523
46171
45533
46181
45541
46183
45553
46187
45557
46199
45569
46219
45587
46229
45589
46237
45599
46261
45613
46271
45631
46273
45641
46279
45659
46301
45667
46307
45673
46309
45677
46327
45691
46337
45697
46349
45707
46351
45737
46381
45751
46399
45757
46411
45763
46439
45767
46441
45779
46447
45817
46451
45821
46457
45823
46471
45827
46477
45833
46489
45841
46499
45853
46507
45863
46511
45869
46523
45887
46549
45893
46559
45943
46567
45949
46573
45953
46589
45959
46591
45971
46601
45979
46619
45989
46633
46021
46639
46027
46643
46049
46649
46051
46663
46061
46679
46073
46681
46091
46687
46093
46691
46099
46703
46103
46723
46133
46727
46141
46747
46147
46751
46153
46757
46171
46769
46181
46771
46183
46807
46187
46811
46199
46817
46219
46819
46229
46829
46237
46831
46261
46853
46271
46861
46273
46867
46279
46877
46301
46889
46307
46901
46309
46919
46327
46933
46337
46957
46349
46993
46351
46997
46381
47017
46399
47041
46411
47051
46439
47057
46441
47059
46447
47087
46451
47093
46457
47111
46471
47119
46477
47123
46489
47129
46499
47137
46507
46511
47143
46523
47147
46549
47149
46559
47161
46567
47189
46573
47207
46589
47221
46591
47237
46601
47251
46619
47269
46633
47279
46639
47287
46643
47293
46649
47297
46663
47303
46679
47309
46681
47317
46687
47339
46691
47351
46703
47353
46723
47363
46727
47381
46747
47387
46751
47389
46757
47407
46769
47417
46771
47419
46807
47431
46811
47441
46817
47459
46819
47491
46829
47497
46831
47501
46853
47507
46861
47513
46867
47521
46877
47527
46889
47533
46901
47543
46919
47563
46933
47569
46957
47581
46993
47591
46997
47599
47017
47609
47041
47623
47051
47629
47057
47639
47059
47653
47087
47657
47093
47659
47111
47681
47119
47699
47123
47701
47129
47711
47137
47713
47143
47717
47147
47737
47149
47741
47161
47743
47189
47777
47207
47779
47221
47791
47237
47797
47251
47807
47269
47809
47279
47819
47287
47837
47293
47843
47297
47857
47303
47869
47309
47881
47317
47903
47339
47351
47911
47353
47917
47363
47933
47381
47939
47387
47947
47389
47951
47407
47963
47417
47969
47419
47977
47431
47981
47441
48017
47459
48023
47491
48029
47497
48049
47501
48073
47507
48079
47513
48091
47521
48109
47527
48119
47533
48121
47543
48131
47563
48157
47569
48163
47581
48179
47591
48187
47599
48193
47609
48197
47623
48221
47629
48239
47639
48247
47653
48259
47657
48271
47659
48281
47681
48299
47699
48311
47701
48313
47711
48337
47713
48341
47717
48353
47737
48371
47741
48383
47743
48397
47777
48407
47779
48409
47791
48413
47797
48437
47807
48449
47809
48463
47819
48473
47837
48479
47843
48481
47857
48487
47869
48491
47881
48497
47903
48523
47911
48527
47917
48533
47933
48539
47939
48541
47947
48563
47951
48571
47963
48589
47969
48593
47977
48611
47981
48619
48017
48623
48023
48647
48029
48649
48049
48661
48073
48673
48079
48677
48091
48679
48109
48731
48119
48733
48121
48751
48131
48757
48157
48761
48163
48767
48179
48779
48187
48781
48193
48787
48197
48799
48221
48809
48239
48817
48247
48821
48259
48823
48271
48847
48281
48857
48299
48859
48311
48869
48313
48871
48337
48883
48341
48889
48353
48907
48371
48947
48383
48953
48397
48973
48407
48989
48409
48991
48413
49003
48437
49009
48449
49019
48463
49031
48473
49033
48479
49037
48481
49043
48487
49057
48491
49069
48497
49081
48523
49103
48527
48533
49109
48539
49117
48541
49121
48563
49123
48571
49139
48589
49157
48593
49169
48611
49171
48619
49177
48623
49193
48647
49199
48649
49201
48661
49207
48673
49211
48677
49223
48679
49253
48731
49261
48733
49277
48751
49279
48757
49297
48761
49307
48767
49331
48779
49333
48781
49339
48787
49363
48799
49367
48809
49369
48817
49391
48821
49393
48823
49409
48847
49411
48857
49417
48859
49429
48869
49433
48871
49451
48883
49459
48889
49463
48907
49477
48947
49481
48953
49499
48973
49523
48989
49529
48991
49531
49003
49537
49009
49547
49019
49549
49031
49559
49033
49597
49037
49603
49043
49613
49057
49627
49069
49633
49081
49639
49103
49663
49109
49667
49117
49669
49121
49681
49123
49697
49139
49711
49157
49727
49169
49739
49171
49741
49177
49747
49193
49757
49199
49783
49201
49787
49207
49789
49211
49801
49223
49807
49253
49811
49261
49823
49277
49831
49279
49843
49297
49853
49307
49871
49331
49877
49333
49891
49339
49919
49363
49921
49367
49927
49369
49937
49391
49393
49939
49409
49943
49411
49957
49417
49991
49429
49993
49433
49999
49451
49459
49463
49477
49481
49499
49523
49529
49531
49537
49547
49549
49559
49597
49603
49613
49627
49633
49639
49663
49667
49669
49681
49697
49711
49727
49739
49741
49747
49757
49783
49787
49789
49801
49807
49811
49823
49831
49843
49853
49871
49877
49891
49919
49921
49927
49937
49939
49943
49957
49991
49993
49999
50021
50023
50033
50047
50051
50053
50069
50077
50087
50093
50101
50111
50119
50123
50129
50131
50147
50153
50159
50177
50207
50221
50227
50231
50261
50263
50273
50287
50291
50311
50321
50329
50333
50341
50359
50363
50377
50383
50387
50411
50417
50423
50441
50459
50461
50497
50503
50513
50527
50539
50543
50549
50551
50581
50587
50591
50593
50599
50627
50647
50651
50671
50683
50707
50723
50741
50753
50767
50773
50777
50789
50821
50833
50839
50849
50857
50867
50873
50891
50893
50909
50923
50929
50951
50957
50969
50971
50989
50993
51001
51031
51043
51047
51059
51061
51071
51109
51131
51133
51137
51151
51157
51169
51193
51197
51199
51203
51217
51229
51239
51241
51257
51263
51283
51287
51307
51329
51341
51343
51347
51349
51361
51383
51407
51413
51419
51421
51427
51431
51437
51439
51449
51461
51473
51479
51481
51487
51503
51511
51517
51521
51539
51551
51563
51577
51581
51593
51599
51607
51613
51631
51637
51647
51659
51673
51679
51683
51691
51713
51719
51721
51749
51767
51769
51787
51797
51803
51817
51827
51829
51839
51853
51859
51869
51871
51893
51899
51907
51913
51929
51941
51949
51971
51973
51977
51991
52009
52021
52027
52051
52057
52067
52069
52081
52103
52121
52127
52147
52153
52163
52177
52181
52183
52189
52201
52223
52237
52249
52253
52259
52267
52289
52291
52301
52313
52321
52361
52363
52369
52379
52387
52391
52433
52453
52457
52489
52501
52511
52517
52529
52541
52543
52553
52561
52567
52571
52579
52583
52609
52627
52631
52639
52667
52673
52691
52697
52709
52711
52721
52727
52733
52747
52757
52769
52783
52807
52813
52817
52837
52859
52861
52879
52883
52889
52901
52903
52919
52937
52951
52957
52963
52967
52973
52981
52999
53003
53017
53047
53051
53069
53077
53087
53089
53093
53101
53113
53117
53129
53147
53149
53161
53171
53173
53189
53197
53201
53231
53233
53239
53267
53269
53279
53281
53299
53309
53323
53327
53353
53359
53377
53381
53401
53407
53411
53419
53437
53441
53453
53479
53503
53507
53527
53549
53551
53569
53591
53593
53597
53609
53611
53617
53623
53629
53633
53639
53653
53657
53681
53693
53699
53717
53719
53731
53759
53773
53777
53783
53791
53813
53819
53831
53849
53857
53861
53881
53887
53891
53897
53899
53917
53923
53927
53939
53951
53959
53987
53993
54001
54011
54013
54037
54049
54059
54083
54091
54101
54121
54133
54139
54151
54163
54167
54181
54193
54217
54251
54269
54277
54287
54293
54311
54319
54323
54331
54347
54361
54367
54371
54377
54401
54403
54409
54413
54419
54421
54437
54443
54449
54469
54493
54497
54499
54503
54517
54521
54539
54541
54547
54559
54563
54577
54581
54583
54601
54617
54623
54629
54631
54647
54667
54673
54679
54709
54713
54721
54727
54751
54767
54773
54779
54787
54799
54829
54833
54851
54869
54877
54881
54907
54917
54919
54941
54949
54959
54973
54979
54983
55001
55009
55021
55049
55051
55057
55061
55073
55079
55103
55109
55117
55127
55147
55163
55171
55201
55207
55213
55217
55219
55229
55243
55249
55259
55291
55313
55331
55333
55337
55339
55343
55351
55373
55381
55399
55411
55439
55441
55457
55469
55487
55501
55511
55529
55541
55547
55579
55589
55603
55609
55619
55621
55631
55633
55639
55661
55663
55667
55673
55681
55691
55697
55711
55717
55721
55733
55763
55787
55793
55799
55807
55813
55817
55819
55823
55829
55837
55843
55849
55871
55889
55897
55901
55903
55921
55927
55931
55933
55949
55967
55987
55997
56003
56009
56039
56041
56053
56081
56087
56093
56099
56101
56113
56123
56131
56149
56167
56171
56179
56197
56207
56209
56237
56239
56249
56263
56267
56269
56299
56311
56333
56359
56369
56377
56383
56393
56401
56417
56431
56437
56443
56453
56467
56473
56477
56479
56489
56501
56503
56509
56519
56527
56531
56533
56543
56569
56591
56597
56599
56611
56629
56633
56659
56663
56671
56681
56687
56701
56711
56713
56731
56737
56747
56767
56773
56779
56783
56807
56809
56813
56821
56827
56843
56857
56873
56891
56893
56897
56909
56911
56921
56923
56929
56941
56951
56957
56963
56983
56989
56993
56999
57037
57041
57047
57059
57073
57077
57089
57097
57107
57119
57131
57139
57143
57149
57163
57173
57179
57191
57193
57203
57221
57223
57241
57251
57259
57269
57271
57283
57287
57301
57329
57331
57347
57349
57367
57373
57383
57389
57397
57413
57427
57457
57467
57487
57493
57503
57527
57529
57557
57559
57571
57587
57593
57601
57637
57641
57649
57653
57667
57679
57689
57697
57709
57713
57719
57727
57731
57737
57751
57773
57781
57787
57791
57793
57803
57809
57829
57839
57847
57853
57859
57881
57899
57901
57917
57923
57943
57947
57973
57977
57991
58013
58027
58031
58043
58049
58057
58061
58067
58073
58099
58109
58111
58129
58147
58151
58153
58169
58171
58189
58193
58199
58207
58211
58217
58229
58231
58237
58243
58271
58309
58313
58321
58337
58363
58367
58369
58379
58391
58393
58403
58411
58417
58427
58439
58441
58451
58453
58477
58481
58511
58537
58543
58549
58567
58573
58579
58601
58603
58613
58631
58657
58661
58679
58687
58693
58699
58711
58727
58733
58741
58757
58763
58771
58787
58789
58831
58889
58897
58901
58907
58909
58913
58921
58937
58943
58963
58967
58979
58991
58997
59009
59011
59021
59023
59029
59051
59053
59063
59069
59077
59083
59093
59107
59113
59119
59123
59141
59149
59159
59167
59183
59197
59207
59209
59219
59221
59233
59239
59243
59263
59273
59281
59333
59341
59351
59357
59359
59369
59377
59387
59393
59399
59407
59417
59419
59441
59443
59447
59453
59467
59471
59473
59497
59509
59513
59539
59557
59561
59567
59581
59611
59617
59621
59627
59629
59651
59659
59663
59669
59671
59693
59699
59707
59723
59729
59743
59747
59753
59771
59779
59791
59797
59809
59833
59863
59879
59887
59921
59929
59951
59957
59971
59981
59999
60013
60017
60029
60037
60041
60077
60083
60089
60091
60101
60103
60107
60127
60133
60139
60149
60161
60167
60169
60209
60217
60223
60251
60257
60259
60271
60289
60293
60317
60331
60337
60343
60353
60373
60383
60397
60413
60427
60443
60449
60457
60493
60497
60509
60521
60527
60539
60589
60601
60607
60611
60617
60623
60631
60637
60647
60649
60659
60661
60679
60689
60703
60719
60727
60733
60737
60757
60761
60763
60773
60779
60793
60811
60821
60859
60869
60887
60889
60899
60901
60913
60917
60919
60923
60937
60943
60953
60961
61001
61007
61027
61031
61043
61051
61057
61091
61099
61121
61129
61141
61151
61153
61169
61211
61223
61231
61253
61261
61283
61291
61297
61331
61333
61339
61343
61357
61363
61379
61381
61403
61409
61417
61441
61463
61469
61471
61483
61487
61493
61507
61511
61519
61543
61547
61553
61559
61561
61583
61603
61609
61613
61627
61631
61637
61643
61651
61657
61667
61673
61681
61687
61703
61717
61723
61729
61751
61757
61781
61813
61819
61837
61843
61861
61871
61879
61909
61927
61933
61949
61961
61967
61979
61981
61987
61991
62003
62011
62017
62039
62047
62053
62057
62071
62081
62099
62119
62129
62131
62137
62141
62143
62171
62189
62191
62201
62207
62213
62219
62233
62273
62297
62299
62303
62311
62323
62327
62347
62351
62383
62401
62417
62423
62459
62467
62473
62477
62483
62497
62501
62507
62533
62539
62549
62563
62581
62591
62597
62603
62617
62627
62633
62639
62653
62659
62683
62687
62701
62723
62731
62743
62753
62761
62773
62791
62801
62819
62827
62851
62861
62869
62873
62897
62903
62921
62927
62929
62939
62969
62971
62981
62983
62987
62989
63029
63031
63059
63067
63073
63079
63097
63103
63113
63127
63131
63149
63179
63197
63199
63211
63241
63247
63277
63281
63299
63311
63313
63317
63331
63337
63347
63353
63361
63367
63377
63389
63391
63397
63409
63419
63421
63439
63443
63463
63467
63473
63487
63493
63499
63521
63527
63533
63541
63559
63577
63587
63589
63599
63601
63607
63611
63617
63629
63647
63649
63659
63667
63671
63689
63691
63697
63703
63709
63719
63727
63737
63743
63761
63773
63781
63793
63799
63803
63809
63823
63839
63841
63853
63857
63863
63901
63907
63913
63929
63949
63977
63997
64007
64013
64019
64033
64037
64063
64067
64081
64091
64109
64123
64151
64153
64157
64171
64187
64189
64217
64223
64231
64237
64271
64279
64283
64301
64303
64319
64327
64333
64373
64381
64399
64403
64433
64439
64451
64453
64483
64489
64499
64513
64553
64567
64577
64579
64591
64601
64609
64613
64621
64627
64633
64661
64663
64667
64679
64693
64709
64717
64747
64763
64781
64783
64793
64811
64817
64849
64853
64871
64877
64879
64891
64901
64919
64921
64927
64937
64951
64969
64997
65003
65011
65027
65029
65033
65053
65063
65071
65089
65099
65101
65111
65119
65123
65129
65141
65147
65167
65171
65173
65179
65183
65203
65213
65239
65257
65267
65269
65287
65293
65309
65323
65327
65353
65357
65371
65381
65393
65407
65413
65419
65423
65437
65447
65449
65479
65497
65519
65521
65537
65539
65543
65551
65557
65563
65579
65581
65587
65599
65609
65617
65629
65633
65647
65651
65657
65677
65687
65699
65701
65707
65713
65717
65719
65729
65731
65761
65777
65789
65809
65827
65831
65837
65839
65843
65851
65867
65881
65899
65921
65927
65929
65951
65957
65963
65981
65983
65993
66029
66037
66041
66047
66067
66071
66083
66089
66103
66107
66109
66137
66161
66169
66173
66179
66191
66221
66239
66271
66293
66301
66337
66343
66347
66359
66361
66373
66377
66383
66403
66413
66431
66449
66457
66463
66467
66491
66499
66509
66523
66529
66533
66541
66553
66569
66571
66587
66593
66601
66617
66629
66643
66653
66683
66697
66701
66713
66721
66733
66739
66749
66751
66763
66791
66797
66809
66821
66841
66851
66853
66863
66877
66883
66889
66919
66923
66931
66943
66947
66949
66959
66973
66977
67003
67021
67033
67043
67049
67057
67061
67073
67079
67103
67121
67129
67139
67141
67153
67157
67169
67181
67187
67189
67211
67213
67217
67219
67231
67247
67261
67271
67273
67289
67307
67339
67343
67349
67369
67391
67399
67409
67411
67421
67427
67429
67433
67447
67453
67477
67481
67489
67493
67499
67511
67523
67531
67537
67547
67559
67567
67577
67579
67589
67601
67607
67619
67631
67651
67679
67699
67709
67723
67733
67741
67751
67757
67759
67763
67777
67783
67789
67801
67807
67819
67829
67843
67853
67867
67883
67891
67901
67927
67931
67933
67939
67943
67957
67961
67967
67979
67987
67993
68023
68041
68053
68059
68071
68087
68099
68111
68113
68141
68147
68161
68171
68207
68209
68213
68219
68227
68239
68261
68279
68281
68311
68329
68351
68371
68389
68399
68437
68443
68447
68449
68473
68477
68483
68489
68491
68501
68507
68521
68531
68539
68543
68567
68581
68597
68611
68633
68639
68659
68669
68683
68687
68699
68711
68713
68729
68737
68743
68749
68767
68771
68777
68791
68813
68819
68821
68863
68879
68881
68891
68897
68899
68903
68909
68917
68927
68947
68963
68993
69001
69011
69019
69029
69031
69061
69067
69073
69109
69119
69127
69143
69149
69151
69163
69191
69193
69197
69203
69221
69233
69239
69247
69257
69259
69263
69313
69317
69337
69341
69371
69379
69383
69389
69401
69403
69427
69431
69439
69457
69463
69467
69473
69481
69491
69493
69497
69499
69539
69557
69593
69623
69653
69661
69677
69691
69697
69709
69737
69739
69761
69763
69767
69779
69809
69821
69827
69829
69833
69847
69857
69859
69877
69899
69911
69929
69931
69941
69959
69991
69997
70001
70003
70009
70019
70039
70051
70061
70067
70079
70099
70111
70117
70121
70123
70139
70141
70157
70163
70177
70181
70183
70199
70201
70207
70223
70229
70237
70241
70249
70271
70289
70297
70309
70313
70321
70327
70351
70373
70379
70381
70393
70423
70429
70439
70451
70457
70459
70481
70487
70489
70501
70507
70529
70537
70549
70571
70573
70583
70589
70607
70619
70621
70627
70639
70657
70663
70667
70687
70709
70717
70729
70753
70769
70783
70793
70823
70841
70843
70849
70853
70867
70877
70879
70891
70901
70913
70919
70921
70937
70949
70951
70957
70969
70979
70981
70991
70997
70999
71011
71023
71039
71059
71069
71081
71089
71119
71129
71143
71147
71153
71161
71167
71171
71191
71209
71233
71237
71249
71257
71261
71263
71287
71293
71317
71327
71329
71333
71339
71341
71347
71353
71359
71363
71387
71389
71399
71411
71413
71419
71429
71437
71443
71453
71471
71473
71479
71483
71503
71527
71537
71549
71551
71563
71569
71593
71597
71633
71647
71663
71671
71693
71699
71707
71711
71713
71719
71741
71761
71777
71789
71807
71809
71821
71837
71843
71849
71861
71867
71879
71881
71887
71899
71909
71917
71933
71941
71947
71963
71971
71983
71987
71993
71999
72019
72031
72043
72047
72053
72073
72077
72089
72091
72101
72103
72109
72139
72161
72167
72169
72173
72211
72221
72223
72227
72229
72251
72253
72269
72271
72277
72287
72307
72313
72337
72341
72353
72367
72379
72383
72421
72431
72461
72467
72469
72481
72493
72497
72503
72533
72547
72551
72559
72577
72613
72617
72623
72643
72647
72649
72661
72671
72673
72679
72689
72701
72707
72719
72727
72733
72739
72763
72767
72797
72817
72823
72859
72869
72871
72883
72889
72893
72901
72907
72911
72923
72931
72937
72949
72953
72959
72973
72977
72997
73009
73013
73019
73037
73039
73043
73061
73063
73079
73091
73121
73127
73133
73141
73181
73189
73237
73243
73259
73277
73291
73303
73309
73327
73331
73351
73361
73363
73369
73379
73387
73417
73421
73433
73453
73459
73471
73477
73483
73517
73523
73529
73547
73553
73561
73571
73583
73589
73597
73607
73609
73613
73637
73643
73651
73673
73679
73681
73693
73699
73709
73721
73727
73751
73757
73771
73783
73819
73823
73847
73849
73859
73867
73877
73883
73897
73907
73939
73943
73951
73961
73973
73999
74017
74021
74027
74047
74051
74071
74077
74093
74099
74101
74131
74143
74149
74159
74161
74167
74177
74189
74197
74201
74203
74209
74219
74231
74257
74279
74287
74293
74297
74311
74317
74323
74353
74357
74363
74377
74381
74383
74411
74413
74419
74441
74449
74453
74471
74489
74507
74509
74521
74527
74531
74551
74561
74567
74573
74587
74597
74609
74611
74623
74653
74687
74699
74707
74713
74717
74719
74729
74731
74747
74759
74761
74771
74779
74797
74821
74827
74831
74843
74857
74861
74869
74873
74887
74891
74897
74903
74923
74929
74933
74941
74959
75011
75013
75017
75029
75037
75041
75079
75083
75109
75133
75149
75161
75167
75169
75181
75193
75209
75211
75217
75223
75227
75239
75253
75269
75277
75289
75307
75323
75329
75337
75347
75353
75367
75377
75389
75391
75401
75403
75407
75431
75437
75479
75503
75511
75521
75527
75533
75539
75541
75553
75557
75571
75577
75583
75611
75617
75619
75629
75641
75653
75659
75679
75683
75689
75703
75707
75709
75721
75731
75743
75767
75773
75781
75787
75793
75797
75821
75833
75853
75869
75883
75913
75931
75937
75941
75967
75979
75983
75989
75991
75997
76001
76003
76031
76039
76079
76081
76091
76099
76103
76123
76129
76147
76157
76159
76163
76207
76213
76231
76243
76249
76253
76259
76261
76283
76289
76303
76333
76343
76367
76369
76379
76387
76403
76421
76423
76441
76463
76471
76481
76487
76493
76507
76511
76519
76537
76541
76543
76561
76579
76597
76603
76607
76631
76649
76651
76667
76673
76679
76697
76717
76733
76753
76757
76771
76777
76781
76801
76819
76829
76831
76837
76847
76871
76873
76883
76907
76913
76919
76943
76949
76961
76963
76991
77003
77017
77023
77029
77041
77047
77069
77081
77093
77101
77137
77141
77153
77167
77171
77191
77201
77213
77237
77239
77243
77249
77261
77263
77267
77269
77279
77291
77317
77323
77339
77347
77351
77359
77369
77377
77383
77417
77419
77431
77447
77471
77477
77479
77489
77491
77509
77513
77521
77527
77543
77549
77551
77557
77563
77569
77573
77587
77591
77611
77617
77621
77641
77647
77659
77681
77687
77689
77699
77711
77713
77719
77723
77731
77743
77747
77761
77773
77783
77797
77801
77813
77839
77849
77863
77867
77893
77899
77929
77933
77951
77969
77977
77983
77999
78007
78017
78031
78041
78049
78059
78079
78101
78121
78137
78139
78157
78163
78167
78173
78179
78191
78193
78203
78229
78233
78241
78259
78277
78283
78301
78307
78311
78317
78341
78347
78367
78401
78427
78437
78439
78467
78479
78487
78497
78509
78511
78517
78539
78541
78553
78569
78571
78577
78583
78593
78607
78623
78643
78649
78653
78691
78697
78707
78713
78721
78737
78779
78781
78787
78791
78797
78803
78809
78823
78839
78853
78857
78877
78887
78889
78893
78901
78919
78929
78941
78977
78979
78989
79031
79039
79043
79063
79087
79103
79111
79133
79139
79147
79151
79153
79159
79181
79187
79193
79201
79229
79231
79241
79259
79273
79279
79283
79301
79309
79319
79333
79337
79349
79357
79367
79379
79393
79397
79399
79411
79423
79427
79433
79451
79481
79493
79531
79537
79549
79559
79561
79579
79589
79601
79609
79613
79621
79627
79631
79633
79657
79669
79687
79691
79693
79697
79699
79757
79769
79777
79801
79811
79813
79817
79823
79829
79841
79843
79847
79861
79867
79873
79889
79901
79903
79907
79939
79943
79967
79973
79979
79987
79997
79999
80021
80039
80051
80071
80077
80107
80111
80141
80147
80149
80153
80167
80173
80177
80191
80207
80209
80221
80231
80233
80239
80251
80263
80273
80279
80287
80309
80317
80329
80341
80347
80363
80369
80387
80407
80429
80447
80449
80471
80473
80489
80491
80513
80527
80537
80557
80567
80599
80603
80611
80621
80627
80629
80651
80657
80669
80671
80677
80681
80683
80687
80701
80713
80737
80747
80749
80761
80777
80779
80783
80789
80803
80809
80819
80831
80833
80849
80863
80897
80909
80911
80917
80923
80929
80933
80953
80963
80989
81001
81013
81017
81019
81023
81031
81041
81043
81047
81049
81071
81077
81083
81097
81101
81119
81131
81157
81163
81173
81181
81197
81199
81203
81223
81233
81239
81281
81283
81293
81299
81307
81331
81343
81349
81353
81359
81371
81373
81401
81409
81421
81439
81457
81463
81509
81517
81527
81533
81547
81551
81553
81559
81563
81569
81611
81619
81629
81637
81647
81649
81667
81671
81677
81689
81701
81703
81707
81727
81737
81749
81761
81769
81773
81799
81817
81839
81847
81853
81869
81883
81899
81901
81919
81929
81931
81937
81943
81953
81967
81971
81973
82003
82007
82009
82013
82021
82031
82037
82039
82051
82067
82073
82129
82139
82141
82153
82163
82171
82183
82189
82193
82207
82217
82219
82223
82231
82237
82241
82261
82267
82279
82301
82307
82339
82349
82351
82361
82373
82387
82393
82421
82457
82463
82469
82471
82483
82487
82493
82499
82507
82529
82531
82549
82559
82561
82567
82571
82591
82601
82609
82613
82619
82633
82651
82657
82699
82721
82723
82727
82729
82757
82759
82763
82781
82787
82793
82799
82811
82813
82837
82847
82883
82889
82891
82903
82913
82939
82963
82981
82997
83003
83009
83023
83047
83059
83063
83071
83077
83089
83093
83101
83117
83137
83177
83203
83207
83219
83221
83227
83231
83233
83243
83257
83267
83269
83273
83299
83311
83339
83341
83357
83383
83389
83399
83401
83407
83417
83423
83431
83437
83443
83449
83459
83471
83477
83497
83537
83557
83561
83563
83579
83591
83597
83609
83617
83621
83639
83641
83653
83663
83689
83701
83717
83719
83737
83761
83773
83777
83791
83813
83833
83843
83857
83869
83873
83891
83903
83911
83921
83933
83939
83969
83983
83987
84011
84017
84047
84053
84059
84061
84067
84089
84121
84127
84131
84137
84143
84163
84179
84181
84191
84199
84211
84221
84223
84229
84239
84247
84263
84299
84307
84313
84317
84319
84347
84349
84377
84389
84391
84401
84407
84421
84431
84437
84443
84449
84457
84463
84467
84481
84499
84503
84509
84521
84523
84533
84551
84559
84589
84629
84631
84649
84653
84659
84673
84691
84697
84701
84713
84719
84731
84737
84751
84761
84787
84793
84809
84811
84827
84857
84859
84869
84871
84913
84919
84947
84961
84967
84977
84979
84991
85009
85021
85027
85037
85049
85061
85081
85087
85091
85093
85103
85109
85121
85133
85147
85159
85193
85199
85201
85213
85223
85229
85237
85243
85247
85259
85297
85303
85313
85331
85333
85361
85363
85369
85381
85411
85427
85429
85439
85447
85451
85453
85469
85487
85513
85517
85523
85531
85549
85571
85577
85597
85601
85607
85619
85621
85627
85639
85643
85661
85667
85669
85691
85703
85711
85717
85733
85751
85781
85793
85817
85819
85829
85831
85837
85843
85847
85853
85889
85903
85909
85931
85933
85991
85999
86011
86017
86027
86029
86069
86077
86083
86111
86113
86117
86131
86137
86143
86161
86171
86179
86183
86197
86201
86209
86239
86243
86249
86257
86263
86269
86287
86291
86293
86297
86311
86323
86341
86351
86353
86357
86369
86371
86381
86389
86399
86413
86423
86441
86453
86461
86467
86477
86491
86501
86509
86531
86533
86539
86561
86573
86579
86587
86599
86627
86629
86677
86689
86693
86711
86719
86729
86743
86753
86767
86771
86783
86813
86837
86843
86851
86857
86861
86869
86923
86927
86929
86939
86951
86959
86969
86981
86993
87011
87013
87037
87041
87049
87071
87083
87103
87107
87119
87121
87133
87149
87151
87179
87181
87187
87211
87221
87223
87251
87253
87257
87277
87281
87293
87299
87313
87317
87323
87337
87359
87383
87403
87407
87421
87427
87433
87443
87473
87481
87491
87509
87511
87517
87523
87539
87541
87547
87553
87557
87559
87583
87587
87589
87613
87623
87629
87631
87641
87643
87649
87671
87679
87683
87691
87697
87701
87719
87721
87739
87743
87751
87767
87793
87797
87803
87811
87833
87853
87869
87877
87881
87887
87911
87917
87931
87943
87959
87961
87973
87977
87991
88001
88003
88007
88019
88037
88069
88079
88093
88117
88129
88169
88177
88211
88223
88237
88241
88259
88261
88289
88301
88321
88327
88337
88339
88379
88397
88411
88423
88427
88463
88469
88471
88493
88499
88513
88523
88547
88589
88591
88607
88609
88643
88651
88657
88661
88663
88667
88681
88721
88729
88741
88747
88771
88789
88793
88799
88801
88807
88811
88813
88817
88819
88843
88853
88861
88867
88873
88883
88897
88903
88919
88937
88951
88969
88993
88997
89003
89009
89017
89021
89041
89051
89057
89069
89071
89083
89087
89101
89107
89113
89119
89123
89137
89153
89189
89203
89209
89213
89227
89231
89237
89261
89269
89273
89293
89303
89317
89329
89363
89371
89381
89387
89393
89399
89413
89417
89431
89443
89449
89459
89477
89491
89501
89513
89519
89521
89527
89533
89561
89563
89567
89591
89597
89599
89603
89611
89627
89633
89653
89657
89659
89669
89671
89681
89689
89753
89759
89767
89779
89783
89797
89809
89819
89821
89833
89839
89849
89867
89891
89897
89899
89909
89917
89923
89939
89959
89963
89977
89983
89989
90001
90007
90011
90017
90019
90023
90031
90053
90059
90067
90071
90073
90089
90107
90121
90127
90149
90163
90173
90187
90191
90197
90199
90203
90217
90227
90239
90247
90263
90271
90281
90289
90313
90353
90359
90371
90373
90379
90397
90401
90403
90407
90437
90439
90469
90473
90481
90499
90511
90523
90527
90529
90533
90547
90583
90599
90617
90619
90631
90641
90647
90659
90677
90679
90697
90703
90709
90731
90749
90787
90793
90803
90821
90823
90833
90841
90847
90863
90887
90901
90907
90911
90917
90931
90947
90971
90977
90989
90997
91009
91019
91033
91079
91081
91097
91099
91121
91127
91129
91139
91141
91151
91153
91159
91163
91183
91193
91199
91229
91237
91243
91249
91253
91283
91291
91297
91303
91309
91331
91367
91369
91373
91381
91387
91393
91397
91411
91423
91433
91453
91457
91459
91463
91493
91499
91513
91529
91541
91571
91573
91577
91583
91591
91621
91631
91639
91673
91691
91703
91711
91733
91753
91757
91771
91781
91801
91807
91811
91813
91823
91837
91841
91867
91873
91909
91921
91939
91943
91951
91957
91961
91967
91969
91997
92003
92009
92033
92041
92051
92077
92083
92107
92111
92119
92143
92153
92173
92177
92179
92189
92203
92219
92221
92227
92233
92237
92243
92251
92269
92297
92311
92317
92333
92347
92353
92357
92363
92369
92377
92381
92383
92387
92399
92401
92413
92419
92431
92459
92461
92467
92479
92489
92503
92507
92551
92557
92567
92569
92581
92593
92623
92627
92639
92641
92647
92657
92669
92671
92681
92683
92693
92699
92707
92717
92723
92737
92753
92761
92767
92779
92789
92791
92801
92809
92821
92831
92849
92857
92861
92863
92867
92893
92899
92921
92927
92941
92951
92957
92959
92987
92993
93001
93047
93053
93059
93077
93083
93089
93097
93103
93113
93131
93133
93139
93151
93169
93179
93187
93199
93229
93239
93241
93251
93253
93257
93263
93281
93283
93287
93307
93319
93323
93329
93337
93371
93377
93383
93407
93419
93427
93463
93479
93481
93487
93491
93493
93497
93503
93523
93529
93553
93557
93559
93563
93581
93601
93607
93629
93637
93683
93701
93703
93719
93739
93761
93763
93787
93809
93811
93827
93851
93871
93887
93889
93893
93901
93911
93913
93923
93937
93941
93949
93967
93971
93979
93983
93997
94007
94009
94033
94049
94057
94063
94079
94099
94109
94111
94117
94121
94151
94153
94169
94201
94207
94219
94229
94253
94261
94273
94291
94307
94309
94321
94327
94331
94343
94349
94351
94379
94397
94399
94421
94427
94433
94439
94441
94447
94463
94477
94483
94513
94529
94531
94541
94543
94547
94559
94561
94573
94583
94597
94603
94613
94621
94649
94651
94687
94693
94709
94723
94727
94747
94771
94777
94781
94789
94793
94811
94819
94823
94837
94841
94847
94849
94873
94889
94903
94907
94933
94949
94951
94961
94993
94999
95003
95009
95021
95027
95063
95071
95083
95087
95089
95093
95101
95107
95111
95131
95143
95153
95177
95189
95191
95203
95213
95219
95231
95233
95239
95257
95261
95267
95273
95279
95287
95311
95317
95327
95339
95369
95383
95393
95401
95413
95419
95429
95441
95443
95461
95467
95471
95479
95483
95507
95527
95531
95539
95549
95561
95569
95581
95597
95603
95617
95621
95629
95633
95651
95701
95707
95713
95717
95723
95731
95737
95747
95773
95783
95789
95791
95801
95803
95813
95819
95857
95869
95873
95881
95891
95911
95917
95923
95929
95947
95957
95959
95971
95987
95989
96001
96013
96017
96043
96053
96059
96079
96097
96137
96149
96157
96167
96179
96181
96199
96211
96221
96223
96233
96259
96263
96269
96281
96289
96293
96323
96329
96331
96337
96353
96377
96401
96419
96431
96443
96451
96457
96461
96469
96479
96487
96493
96497
96517
96527
96553
96557
96581
96587
96589
96601
96643
96661
96667
96671
96697
96703
96731
96737
96739
96749
96757
96763
96769
96779
96787
96797
96799
96821
96823
96827
96847
96851
96857
96893
96907
96911
96931
96953
96959
96973
96979
96989
96997
97001
97003
97007
97021
97039
97073
97081
97103
97117
97127
97151
97157
97159
97169
97171
97177
97187
97213
97231
97241
97259
97283
97301
97303
97327
97367
97369
97373
97379
97381
97387
97397
97423
97429
97441
97453
97459
97463
97499
97501
97511
97523
97547
97549
97553
97561
97571
97577
97579
97583
97607
97609
97613
97649
97651
97673
97687
97711
97729
97771
97777
97787
97789
97813
97829
97841
97843
97847
97849
97859
97861
97871
97879
97883
97919
97927
97931
97943
97961
97967
97973
97987
98009
98011
98017
98041
98047
98057
98081
98101
98123
98129
98143
98179
98207
98213
98221
98227
98251
98257
98269
98297
98299
98317
98321
98323
98327
98347
98369
98377
98387
98389
98407
98411
98419
98429
98443
98453
98459
98467
98473
98479
98491
98507
98519
98533
98543
98561
98563
98573
98597
98621
98627
98639
98641
98663
98669
98689
98711
98713
98717
98729
98731
98737
98773
98779
98801
98807
98809
98837
98849
98867
98869
98873
98887
98893
98897
98899
98909
98911
98927
98929
98939
98947
98953
98963
98981
98993
98999
99013
99017
99023
99041
99053
99079
99083
99089
99103
99109
99119
99131
99133
99137
99139
99149
99173
99181
99191
99223
99233
99241
99251
99257
99259
99277
99289
99317
99347
99349
99367
99371
99377
99391
99397
99401
99409
99431
99439
99469
99487
99497
99523
99527
99529
99551
99559
99563
99571
99577
99581
99607
99611
99623
99643
99661
99667
99679
99689
99707
99709
99713
99719
99721
99733
99761
99767
99787
99793
99809
99817
99823
99829
99833
99839
99859
99871
99877
99881
99901
99907
99923
99929
99961
99971
99989
99991
